0 0 0 0
1 1 0 1
2 2 0 2
3 3 0 3
4 4 0 4
5 5 0 5
6 6 0 6
7 7 0 7
8 8 0 8
9 9 0 9
10 10 0 10
11 11 0 11
12 12 0 12
13 13 0 13
14 14 0 14
15 15 0 15
16 16 0 16
17 17 0 17
18 18 0 18
19 19 0 19
20 20 0 20
21 21 0 21
22 22 0 22
23 23 0 23
24 24 0 24
0 0 1 25
0 0 2 25
0 0 3 25
0 0 4 25
0 0 5 25
0 0 6 25
1 0 1 26
2 0 1 27
3 0 1 28
4 0 1 29
5 0 1 27
6 0 1 27
7 0 1 27
8 0 1 29
9 0 1 29
10 0 1 29
11 0 1 30
12 0 1 31
13 0 1 31
14 0 1 30
15 0 1 28
16 0 1 26
17 0 1 31
18 0 1 31
19 0 1 30
20 0 1 30
21 0 1 26
22 0 1 26
23 0 1 28
24 0 1 28
1 0 2 29
2 0 2 26
3 0 2 27
4 0 2 28
5 0 2 31
6 0 2 28
7 0 2 30
8 0 2 31
9 0 2 26
10 0 2 30
11 0 2 27
12 0 2 29
13 0 2 27
14 0 2 29
15 0 2 29
16 0 2 27
17 0 2 28
18 0 2 26
19 0 2 26
20 0 2 28
21 0 2 30
22 0 2 31
23 0 2 30
24 0 2 31
1 0 3 30
2 0 3 30
3 0 3 30
4 0 3 30
5 0 3 26
6 0 3 31
7 0 3 28
8 0 3 28
9 0 3 31
10 0 3 26
11 0 3 26
12 0 3 26
13 0 3 28
14 0 3 28
15 0 3 31
16 0 3 31
17 0 3 29
18 0 3 27
19 0 3 29
20 0 3 27
21 0 3 27
22 0 3 29
23 0 3 29
24 0 3 27
1 0 4 28
2 0 4 29
3 0 4 26
4 0 4 27
5 0 4 29
6 0 4 29
7 0 4 29
8 0 4 27
9 0 4 27
10 0 4 27
11 0 4 31
12 0 4 30
13 0 4 30
14 0 4 31
15 0 4 26
16 0 4 28
17 0 4 30
18 0 4 30
19 0 4 31
20 0 4 31
21 0 4 28
22 0 4 28
23 0 4 26
24 0 4 26
1 0 5 27
2 0 5 28
3 0 5 29
4 0 5 26
5 0 5 30
6 0 5 26
7 0 5 31
8 0 5 30
9 0 5 28
10 0 5 31
11 0 5 29
12 0 5 27
13 0 5 29
14 0 5 27
15 0 5 27
16 0 5 29
17 0 5 26
18 0 5 28
19 0 5 28
20 0 5 26
21 0 5 31
22 0 5 30
23 0 5 31
24 0 5 30
1 0 6 31
2 0 6 31
3 0 6 31
4 0 6 31
5 0 6 28
6 0 6 30
7 0 6 26
8 0 6 26
9 0 6 30
10 0 6 28
11 0 6 28
12 0 6 28
13 0 6 26
14 0 6 26
15 0 6 30
16 0 6 30
17 0 6 27
18 0 6 29
19 0 6 27
20 0 6 29
21 0 6 29
22 0 6 27
23 0 6 27
24 0 6 29
0 1 1 28
0 2 1 29
0 3 1 26
0 4 1 27
0 5 1 29
0 6 1 29
0 7 1 29
0 8 1 27
0 9 1 27
0 10 1 27
0 11 1 31
0 12 1 30
0 13 1 30
0 14 1 31
0 15 1 26
0 16 1 28
0 17 1 30
0 18 1 30
0 19 1 31
0 20 1 31
0 21 1 28
0 22 1 28
0 23 1 26
0 24 1 26
0 1 2 27
0 2 2 28
0 3 2 29
0 4 2 26
0 5 2 30
0 6 2 26
0 7 2 31
0 8 2 30
0 9 2 28
0 10 2 31
0 11 2 29
0 12 2 27
0 13 2 29
0 14 2 27
0 15 2 27
0 16 2 29
0 17 2 26
0 18 2 28
0 19 2 28
0 20 2 26
0 21 2 31
0 22 2 30
0 23 2 31
0 24 2 30
0 1 3 31
0 2 3 31
0 3 3 31
0 4 3 31
0 5 3 28
0 6 3 30
0 7 3 26
0 8 3 26
0 9 3 30
0 10 3 28
0 11 3 28
0 12 3 28
0 13 3 26
0 14 3 26
0 15 3 30
0 16 3 30
0 17 3 27
0 18 3 29
0 19 3 27
0 20 3 29
0 21 3 29
0 22 3 27
0 23 3 27
0 24 3 29
0 1 4 26
0 2 4 27
0 3 4 28
0 4 4 29
0 5 4 27
0 6 4 27
0 7 4 27
0 8 4 29
0 9 4 29
0 10 4 29
0 11 4 30
0 12 4 31
0 13 4 31
0 14 4 30
0 15 4 28
0 16 4 26
0 17 4 31
0 18 4 31
0 19 4 30
0 20 4 30
0 21 4 26
0 22 4 26
0 23 4 28
0 24 4 28
0 1 5 29
0 2 5 26
0 3 5 27
0 4 5 28
0 5 5 31
0 6 5 28
0 7 5 30
0 8 5 31
0 9 5 26
0 10 5 30
0 11 5 27
0 12 5 29
0 13 5 27
0 14 5 29
0 15 5 29
0 16 5 27
0 17 5 28
0 18 5 26
0 19 5 26
0 20 5 28
0 21 5 30
0 22 5 31
0 23 5 30
0 24 5 31
0 1 6 30
0 2 6 30
0 3 6 30
0 4 6 30
0 5 6 26
0 6 6 31
0 7 6 28
0 8 6 28
0 9 6 31
0 10 6 26
0 11 6 26
0 12 6 26
0 13 6 28
0 14 6 28
0 15 6 31
0 16 6 31
0 17 6 29
0 18 6 27
0 19 6 29
0 20 6 27
0 21 6 27
0 22 6 29
0 23 6 29
0 24 6 27
1 1 1 32
1 1 2 57
1 1 3 104
1 1 4 32
1 1 5 57
1 1 6 104
1 2 1 33
1 2 2 77
1 2 3 111
1 2 4 56
1 2 5 35
1 2 6 110
1 3 1 34
1 3 2 92
1 3 3 107
1 3 4 76
1 3 5 58
1 3 6 107
1 4 1 35
1 4 2 33
1 4 3 110
1 4 4 77
1 4 5 56
1 4 6 111
1 5 1 36
1 5 2 97
1 5 3 87
1 5 4 74
1 5 5 65
1 5 6 51
1 6 1 37
1 6 2 37
1 6 3 109
1 6 4 69
1 6 5 69
1 6 6 115
1 7 1 38
1 7 2 99
1 7 3 48
1 7 4 75
1 7 5 67
1 7 6 88
1 8 1 39
1 8 2 98
1 8 3 49
1 8 4 80
1 8 5 68
1 8 6 89
1 9 1 40
1 9 2 79
1 9 3 108
1 9 4 79
1 9 5 40
1 9 6 114
1 10 1 41
1 10 2 96
1 10 3 86
1 10 4 78
1 10 5 66
1 10 6 50
1 11 1 42
1 11 2 93
1 11 3 82
1 11 4 82
1 11 5 64
1 11 6 42
1 12 1 43
1 12 2 61
1 12 3 83
1 12 4 81
1 12 5 59
1 12 6 45
1 13 1 44
1 13 2 95
1 13 3 44
1 13 4 84
1 13 5 62
1 13 6 84
1 14 1 45
1 14 2 59
1 14 3 43
1 14 4 83
1 14 5 61
1 14 6 81
1 15 1 46
1 15 2 60
1 15 3 106
1 15 4 85
1 15 5 60
1 15 6 113
1 16 1 47
1 16 2 94
1 16 3 105
1 16 4 47
1 16 5 63
1 16 6 112
1 17 1 48
1 17 2 38
1 17 3 67
1 17 4 88
1 17 5 75
1 17 6 99
1 18 1 49
1 18 2 80
1 18 3 98
1 18 4 89
1 18 5 39
1 18 6 68
1 19 1 50
1 19 2 78
1 19 3 66
1 19 4 86
1 19 5 41
1 19 6 96
1 20 1 51
1 20 2 36
1 20 3 97
1 20 4 87
1 20 5 74
1 20 6 65
1 21 1 52
1 21 2 103
1 21 3 100
1 21 4 53
1 21 5 71
1 21 6 72
1 22 1 53
1 22 2 100
1 22 3 71
1 22 4 52
1 22 5 72
1 22 6 103
1 23 1 54
1 23 2 102
1 23 3 70
1 23 4 91
1 23 5 70
1 23 6 102
1 24 1 55
1 24 2 101
1 24 3 101
1 24 4 90
1 24 5 73
1 24 6 73
2 1 1 56
2 1 2 35
2 1 3 110
2 1 4 33
2 1 5 77
2 1 6 111
2 2 1 57
2 2 2 32
2 2 3 104
2 2 4 57
2 2 5 32
2 2 6 104
2 3 1 35
2 3 2 33
2 3 3 111
2 3 4 77
2 3 5 56
2 3 6 110
2 4 1 58
2 4 2 34
2 4 3 107
2 4 4 92
2 4 5 76
2 4 6 107
2 5 1 59
2 5 2 43
2 5 3 83
2 5 4 61
2 5 5 81
2 5 6 45
2 6 1 60
2 6 2 46
2 6 3 106
2 6 4 60
2 6 5 85
2 6 6 113
2 7 1 61
2 7 2 45
2 7 3 43
2 7 4 59
2 7 5 83
2 7 6 81
2 8 1 62
2 8 2 44
2 8 3 44
2 8 4 95
2 8 5 84
2 8 6 84
2 9 1 63
2 9 2 47
2 9 3 105
2 9 4 94
2 9 5 47
2 9 6 112
2 10 1 64
2 10 2 42
2 10 3 82
2 10 4 93
2 10 5 82
2 10 6 42
2 11 1 65
2 11 2 36
2 11 3 87
2 11 4 97
2 11 5 74
2 11 6 51
2 12 1 66
2 12 2 41
2 12 3 86
2 12 4 96
2 12 5 78
2 12 6 50
2 13 1 67
2 13 2 38
2 13 3 48
2 13 4 99
2 13 5 75
2 13 6 88
2 14 1 68
2 14 2 39
2 14 3 49
2 14 4 98
2 14 5 80
2 14 6 89
2 15 1 40
2 15 2 40
2 15 3 108
2 15 4 79
2 15 5 79
2 15 6 114
2 16 1 69
2 16 2 37
2 16 3 109
2 16 4 37
2 16 5 69
2 16 6 115
2 17 1 70
2 17 2 54
2 17 3 70
2 17 4 102
2 17 5 91
2 17 6 102
2 18 1 71
2 18 2 52
2 18 3 100
2 18 4 103
2 18 5 53
2 18 6 72
2 19 1 72
2 19 2 53
2 19 3 71
2 19 4 100
2 19 5 52
2 19 6 103
2 20 1 73
2 20 2 55
2 20 3 101
2 20 4 101
2 20 5 90
2 20 6 73
2 21 1 74
2 21 2 51
2 21 3 97
2 21 4 36
2 21 5 87
2 21 6 65
2 22 1 75
2 22 2 48
2 22 3 67
2 22 4 38
2 22 5 88
2 22 6 99
2 23 1 41
2 23 2 50
2 23 3 66
2 23 4 78
2 23 5 86
2 23 6 96
2 24 1 39
2 24 2 49
2 24 3 98
2 24 4 80
2 24 5 89
2 24 6 68
3 1 1 76
3 1 2 58
3 1 3 107
3 1 4 34
3 1 5 92
3 1 6 107
3 2 1 77
3 2 2 56
3 2 3 110
3 2 4 35
3 2 5 33
3 2 6 111
3 3 1 32
3 3 2 57
3 3 3 104
3 3 4 32
3 3 5 57
3 3 6 104
3 4 1 56
3 4 2 35
3 4 3 111
3 4 4 33
3 4 5 77
3 4 6 110
3 5 1 78
3 5 2 66
3 5 3 86
3 5 4 41
3 5 5 96
3 5 6 50
3 6 1 79
3 6 2 40
3 6 3 108
3 6 4 40
3 6 5 79
3 6 6 114
3 7 1 80
3 7 2 68
3 7 3 49
3 7 4 39
3 7 5 98
3 7 6 89
3 8 1 75
3 8 2 67
3 8 3 48
3 8 4 38
3 8 5 99
3 8 6 88
3 9 1 69
3 9 2 69
3 9 3 109
3 9 4 37
3 9 5 37
3 9 6 115
3 10 1 74
3 10 2 65
3 10 3 87
3 10 4 36
3 10 5 97
3 10 6 51
3 11 1 81
3 11 2 59
3 11 3 83
3 11 4 43
3 11 5 61
3 11 6 45
3 12 1 82
3 12 2 64
3 12 3 82
3 12 4 42
3 12 5 93
3 12 6 42
3 13 1 83
3 13 2 61
3 13 3 43
3 13 4 45
3 13 5 59
3 13 6 81
3 14 1 84
3 14 2 62
3 14 3 44
3 14 4 44
3 14 5 95
3 14 6 84
3 15 1 47
3 15 2 63
3 15 3 105
3 15 4 47
3 15 5 94
3 15 6 112
3 16 1 85
3 16 2 60
3 16 3 106
3 16 4 46
3 16 5 60
3 16 6 113
3 17 1 86
3 17 2 41
3 17 3 66
3 17 4 50
3 17 5 78
3 17 6 96
3 18 1 87
3 18 2 74
3 18 3 97
3 18 4 51
3 18 5 36
3 18 6 65
3 19 1 88
3 19 2 75
3 19 3 67
3 19 4 48
3 19 5 38
3 19 6 99
3 20 1 89
3 20 2 39
3 20 3 98
3 20 4 49
3 20 5 80
3 20 6 68
3 21 1 90
3 21 2 73
3 21 3 101
3 21 4 55
3 21 5 101
3 21 6 73
3 22 1 91
3 22 2 70
3 22 3 70
3 22 4 54
3 22 5 102
3 22 6 102
3 23 1 52
3 23 2 72
3 23 3 71
3 23 4 53
3 23 5 100
3 23 6 103
3 24 1 53
3 24 2 71
3 24 3 100
3 24 4 52
3 24 5 103
3 24 6 72
4 1 1 77
4 1 2 56
4 1 3 111
4 1 4 35
4 1 5 33
4 1 6 110
4 2 1 92
4 2 2 76
4 2 3 107
4 2 4 58
4 2 5 34
4 2 6 107
4 3 1 33
4 3 2 77
4 3 3 110
4 3 4 56
4 3 5 35
4 3 6 111
4 4 1 57
4 4 2 32
4 4 3 104
4 4 4 57
4 4 5 32
4 4 6 104
4 5 1 93
4 5 2 82
4 5 3 82
4 5 4 64
4 5 5 42
4 5 6 42
4 6 1 94
4 6 2 47
4 6 3 105
4 6 4 63
4 6 5 47
4 6 6 112
4 7 1 95
4 7 2 84
4 7 3 44
4 7 4 62
4 7 5 44
4 7 6 84
4 8 1 59
4 8 2 83
4 8 3 43
4 8 4 61
4 8 5 45
4 8 6 81
4 9 1 60
4 9 2 85
4 9 3 106
4 9 4 60
4 9 5 46
4 9 6 113
4 10 1 61
4 10 2 81
4 10 3 83
4 10 4 59
4 10 5 43
4 10 6 45
4 11 1 96
4 11 2 78
4 11 3 86
4 11 4 66
4 11 5 41
4 11 6 50
4 12 1 97
4 12 2 74
4 12 3 87
4 12 4 65
4 12 5 36
4 12 6 51
4 13 1 98
4 13 2 80
4 13 3 49
4 13 4 68
4 13 5 39
4 13 6 89
4 14 1 99
4 14 2 75
4 14 3 48
4 14 4 67
4 14 5 38
4 14 6 88
4 15 1 37
4 15 2 69
4 15 3 109
4 15 4 69
4 15 5 37
4 15 6 115
4 16 1 79
4 16 2 79
4 16 3 108
4 16 4 40
4 16 5 40
4 16 6 114
4 17 1 100
4 17 2 52
4 17 3 71
4 17 4 72
4 17 5 53
4 17 6 103
4 18 1 101
4 18 2 90
4 18 3 101
4 18 4 73
4 18 5 55
4 18 6 73
4 19 1 102
4 19 2 91
4 19 3 70
4 19 4 70
4 19 5 54
4 19 6 102
4 20 1 103
4 20 2 53
4 20 3 100
4 20 4 71
4 20 5 52
4 20 6 72
4 21 1 80
4 21 2 89
4 21 3 98
4 21 4 39
4 21 5 49
4 21 6 68
4 22 1 78
4 22 2 86
4 22 3 66
4 22 4 41
4 22 5 50
4 22 6 96
4 23 1 38
4 23 2 88
4 23 3 67
4 23 4 75
4 23 5 48
4 23 6 99
4 24 1 36
4 24 2 87
4 24 3 97
4 24 4 74
4 24 5 51
4 24 6 65
5 1 1 74
5 1 2 65
5 1 3 51
5 1 4 36
5 1 5 97
5 1 6 87
5 2 1 61
5 2 2 81
5 2 3 45
5 2 4 59
5 2 5 43
5 2 6 83
5 3 1 41
5 3 2 96
5 3 3 50
5 3 4 78
5 3 5 66
5 3 6 86
5 4 1 64
5 4 2 42
5 4 3 42
5 4 4 93
5 4 5 82
5 4 6 82
5 5 1 57
5 5 2 104
5 5 3 32
5 5 4 57
5 5 5 104
5 5 6 32
5 6 1 59
5 6 2 45
5 6 3 43
5 6 4 61
5 6 5 83
5 6 6 81
5 7 1 60
5 7 2 113
5 7 3 46
5 7 4 60
5 7 5 106
5 7 6 85
5 8 1 58
5 8 2 107
5 8 3 34
5 8 4 92
5 8 5 107
5 8 6 76
5 9 1 62
5 9 2 84
5 9 3 44
5 9 4 95
5 9 5 44
5 9 6 84
5 10 1 63
5 10 2 112
5 10 3 47
5 10 4 94
5 10 5 105
5 10 6 47
5 11 1 72
5 11 2 103
5 11 3 53
5 11 4 100
5 11 5 71
5 11 6 52
5 12 1 71
5 12 2 72
5 12 3 52
5 12 4 103
5 12 5 100
5 12 6 53
5 13 1 70
5 13 2 102
5 13 3 54
5 13 4 102
5 13 5 70
5 13 6 91
5 14 1 73
5 14 2 73
5 14 3 55
5 14 4 101
5 14 5 101
5 14 6 90
5 15 1 39
5 15 2 68
5 15 3 49
5 15 4 80
5 15 5 98
5 15 6 89
5 16 1 75
5 16 2 99
5 16 3 48
5 16 4 38
5 16 5 67
5 16 6 88
5 17 1 66
5 17 2 50
5 17 3 41
5 17 4 96
5 17 5 86
5 17 6 78
5 18 1 67
5 18 2 88
5 18 3 38
5 18 4 99
5 18 5 48
5 18 6 75
5 19 1 68
5 19 2 89
5 19 3 39
5 19 4 98
5 19 5 49
5 19 6 80
5 20 1 65
5 20 2 51
5 20 3 36
5 20 4 97
5 20 5 87
5 20 6 74
5 21 1 69
5 21 2 115
5 21 3 37
5 21 4 37
5 21 5 109
5 21 6 69
5 22 1 56
5 22 2 111
5 22 3 35
5 22 4 33
5 22 5 110
5 22 6 77
5 23 1 40
5 23 2 114
5 23 3 40
5 23 4 79
5 23 5 108
5 23 6 79
5 24 1 35
5 24 2 110
5 24 3 33
5 24 4 77
5 24 5 111
5 24 6 56
6 1 1 69
6 1 2 69
6 1 3 115
6 1 4 37
6 1 5 37
6 1 6 109
6 2 1 60
6 2 2 85
6 2 3 113
6 2 4 60
6 2 5 46
6 2 6 106
6 3 1 40
6 3 2 79
6 3 3 114
6 3 4 79
6 3 5 40
6 3 6 108
6 4 1 63
6 4 2 47
6 4 3 112
6 4 4 94
6 4 5 47
6 4 6 105
6 5 1 61
6 5 2 83
6 5 3 81
6 5 4 59
6 5 5 45
6 5 6 43
6 6 1 57
6 6 2 32
6 6 3 104
6 6 4 57
6 6 5 32
6 6 6 104
6 7 1 59
6 7 2 81
6 7 3 45
6 7 4 61
6 7 5 43
6 7 6 83
6 8 1 64
6 8 2 82
6 8 3 42
6 8 4 93
6 8 5 42
6 8 6 82
6 9 1 58
6 9 2 76
6 9 3 107
6 9 4 92
6 9 5 34
6 9 6 107
6 10 1 62
6 10 2 84
6 10 3 84
6 10 4 95
6 10 5 44
6 10 6 44
6 11 1 68
6 11 2 80
6 11 3 89
6 11 4 98
6 11 5 39
6 11 6 49
6 12 1 67
6 12 2 75
6 12 3 88
6 12 4 99
6 12 5 38
6 12 6 48
6 13 1 66
6 13 2 78
6 13 3 50
6 13 4 96
6 13 5 41
6 13 6 86
6 14 1 65
6 14 2 74
6 14 3 51
6 14 4 97
6 14 5 36
6 14 6 87
6 15 1 35
6 15 2 56
6 15 3 110
6 15 4 77
6 15 5 33
6 15 6 111
6 16 1 56
6 16 2 77
6 16 3 111
6 16 4 33
6 16 5 35
6 16 6 110
6 17 1 71
6 17 2 53
6 17 3 72
6 17 4 103
6 17 5 52
6 17 6 100
6 18 1 70
6 18 2 91
6 18 3 102
6 18 4 102
6 18 5 54
6 18 6 70
6 19 1 73
6 19 2 90
6 19 3 73
6 19 4 101
6 19 5 55
6 19 6 101
6 20 1 72
6 20 2 52
6 20 3 103
6 20 4 100
6 20 5 53
6 20 6 71
6 21 1 75
6 21 2 88
6 21 3 99
6 21 4 38
6 21 5 48
6 21 6 67
6 22 1 74
6 22 2 87
6 22 3 65
6 22 4 36
6 22 5 51
6 22 6 97
6 23 1 39
6 23 2 89
6 23 3 68
6 23 4 80
6 23 5 49
6 23 6 98
6 24 1 41
6 24 2 86
6 24 3 96
6 24 4 78
6 24 5 50
6 24 6 66
7 1 1 75
7 1 2 67
7 1 3 88
7 1 4 38
7 1 5 99
7 1 6 48
7 2 1 59
7 2 2 83
7 2 3 81
7 2 4 61
7 2 5 45
7 2 6 43
7 3 1 39
7 3 2 98
7 3 3 89
7 3 4 80
7 3 5 68
7 3 6 49
7 4 1 62
7 4 2 44
7 4 3 84
7 4 4 95
7 4 5 84
7 4 6 44
7 5 1 60
7 5 2 106
7 5 3 85
7 5 4 60
7 5 5 113
7 5 6 46
7 6 1 61
7 6 2 43
7 6 3 83
7 6 4 59
7 6 5 81
7 6 6 45
7 7 1 57
7 7 2 104
7 7 3 32
7 7 4 57
7 7 5 104
7 7 6 32
7 8 1 63
7 8 2 105
7 8 3 47
7 8 4 94
7 8 5 112
7 8 6 47
7 9 1 64
7 9 2 82
7 9 3 82
7 9 4 93
7 9 5 42
7 9 6 42
7 10 1 58
7 10 2 107
7 10 3 76
7 10 4 92
7 10 5 107
7 10 6 34
7 11 1 73
7 11 2 101
7 11 3 90
7 11 4 101
7 11 5 73
7 11 6 55
7 12 1 70
7 12 2 70
7 12 3 91
7 12 4 102
7 12 5 102
7 12 6 54
7 13 1 71
7 13 2 100
7 13 3 53
7 13 4 103
7 13 5 72
7 13 6 52
7 14 1 72
7 14 2 71
7 14 3 52
7 14 4 100
7 14 5 103
7 14 6 53
7 15 1 41
7 15 2 66
7 15 3 86
7 15 4 78
7 15 5 96
7 15 6 50
7 16 1 74
7 16 2 97
7 16 3 87
7 16 4 36
7 16 5 65
7 16 6 51
7 17 1 67
7 17 2 48
7 17 3 75
7 17 4 99
7 17 5 88
7 17 6 38
7 18 1 66
7 18 2 86
7 18 3 78
7 18 4 96
7 18 5 50
7 18 6 41
7 19 1 65
7 19 2 87
7 19 3 74
7 19 4 97
7 19 5 51
7 19 6 36
7 20 1 68
7 20 2 49
7 20 3 80
7 20 4 98
7 20 5 89
7 20 6 39
7 21 1 56
7 21 2 110
7 21 3 77
7 21 4 33
7 21 5 111
7 21 6 35
7 22 1 69
7 22 2 109
7 22 3 69
7 22 4 37
7 22 5 115
7 22 6 37
7 23 1 35
7 23 2 111
7 23 3 56
7 23 4 77
7 23 5 110
7 23 6 33
7 24 1 40
7 24 2 108
7 24 3 79
7 24 4 79
7 24 5 114
7 24 6 40
8 1 1 80
8 1 2 68
8 1 3 89
8 1 4 39
8 1 5 98
8 1 6 49
8 2 1 95
8 2 2 84
8 2 3 84
8 2 4 62
8 2 5 44
8 2 6 44
8 3 1 38
8 3 2 99
8 3 3 88
8 3 4 75
8 3 5 67
8 3 6 48
8 4 1 61
8 4 2 45
8 4 3 81
8 4 4 59
8 4 5 83
8 4 6 43
8 5 1 92
8 5 2 107
8 5 3 76
8 5 4 58
8 5 5 107
8 5 6 34
8 6 1 93
8 6 2 42
8 6 3 82
8 6 4 64
8 6 5 82
8 6 6 42
8 7 1 94
8 7 2 112
8 7 3 47
8 7 4 63
8 7 5 105
8 7 6 47
8 8 1 57
8 8 2 104
8 8 3 32
8 8 4 57
8 8 5 104
8 8 6 32
8 9 1 59
8 9 2 81
8 9 3 83
8 9 4 61
8 9 5 43
8 9 6 45
8 10 1 60
8 10 2 113
8 10 3 85
8 10 4 60
8 10 5 106
8 10 6 46
8 11 1 102
8 11 2 102
8 11 3 91
8 11 4 70
8 11 5 70
8 11 6 54
8 12 1 101
8 12 2 73
8 12 3 90
8 12 4 73
8 12 5 101
8 12 6 55
8 13 1 100
8 13 2 103
8 13 3 52
8 13 4 72
8 13 5 71
8 13 6 53
8 14 1 103
8 14 2 72
8 14 3 53
8 14 4 71
8 14 5 100
8 14 6 52
8 15 1 36
8 15 2 65
8 15 3 87
8 15 4 74
8 15 5 97
8 15 6 51
8 16 1 78
8 16 2 96
8 16 3 86
8 16 4 41
8 16 5 66
8 16 6 50
8 17 1 97
8 17 2 51
8 17 3 74
8 17 4 65
8 17 5 87
8 17 6 36
8 18 1 98
8 18 2 89
8 18 3 80
8 18 4 68
8 18 5 49
8 18 6 39
8 19 1 99
8 19 2 88
8 19 3 75
8 19 4 67
8 19 5 48
8 19 6 38
8 20 1 96
8 20 2 50
8 20 3 78
8 20 4 66
8 20 5 86
8 20 6 41
8 21 1 79
8 21 2 114
8 21 3 79
8 21 4 40
8 21 5 108
8 21 6 40
8 22 1 77
8 22 2 110
8 22 3 56
8 22 4 35
8 22 5 111
8 22 6 33
8 23 1 37
8 23 2 115
8 23 3 69
8 23 4 69
8 23 5 109
8 23 6 37
8 24 1 33
8 24 2 111
8 24 3 77
8 24 4 56
8 24 5 110
8 24 6 35
9 1 1 79
9 1 2 40
9 1 3 114
9 1 4 40
9 1 5 79
9 1 6 108
9 2 1 94
9 2 2 47
9 2 3 112
9 2 4 63
9 2 5 47
9 2 6 105
9 3 1 37
9 3 2 37
9 3 3 115
9 3 4 69
9 3 5 69
9 3 6 109
9 4 1 60
9 4 2 46
9 4 3 113
9 4 4 60
9 4 5 85
9 4 6 106
9 5 1 95
9 5 2 44
9 5 3 84
9 5 4 62
9 5 5 84
9 5 6 44
9 6 1 92
9 6 2 34
9 6 3 107
9 6 4 58
9 6 5 76
9 6 6 107
9 7 1 93
9 7 2 42
9 7 3 42
9 7 4 64
9 7 5 82
9 7 6 82
9 8 1 61
9 8 2 43
9 8 3 45
9 8 4 59
9 8 5 81
9 8 6 83
9 9 1 57
9 9 2 32
9 9 3 104
9 9 4 57
9 9 5 32
9 9 6 104
9 10 1 59
9 10 2 45
9 10 3 81
9 10 4 61
9 10 5 83
9 10 6 43
9 11 1 99
9 11 2 38
9 11 3 88
9 11 4 67
9 11 5 75
9 11 6 48
9 12 1 98
9 12 2 39
9 12 3 89
9 12 4 68
9 12 5 80
9 12 6 49
9 13 1 97
9 13 2 36
9 13 3 51
9 13 4 65
9 13 5 74
9 13 6 87
9 14 1 96
9 14 2 41
9 14 3 50
9 14 4 66
9 14 5 78
9 14 6 86
9 15 1 33
9 15 2 35
9 15 3 111
9 15 4 56
9 15 5 77
9 15 6 110
9 16 1 77
9 16 2 33
9 16 3 110
9 16 4 35
9 16 5 56
9 16 6 111
9 17 1 101
9 17 2 55
9 17 3 73
9 17 4 73
9 17 5 90
9 17 6 101
9 18 1 100
9 18 2 53
9 18 3 103
9 18 4 72
9 18 5 52
9 18 6 71
9 19 1 103
9 19 2 52
9 19 3 72
9 19 4 71
9 19 5 53
9 19 6 100
9 20 1 102
9 20 2 54
9 20 3 102
9 20 4 70
9 20 5 91
9 20 6 70
9 21 1 78
9 21 2 50
9 21 3 96
9 21 4 41
9 21 5 86
9 21 6 66
9 22 1 80
9 22 2 49
9 22 3 68
9 22 4 39
9 22 5 89
9 22 6 98
9 23 1 36
9 23 2 51
9 23 3 65
9 23 4 74
9 23 5 87
9 23 6 97
9 24 1 38
9 24 2 48
9 24 3 99
9 24 4 75
9 24 5 88
9 24 6 67
10 1 1 78
10 1 2 66
10 1 3 50
10 1 4 41
10 1 5 96
10 1 6 86
10 2 1 93
10 2 2 82
10 2 3 42
10 2 4 64
10 2 5 42
10 2 6 82
10 3 1 36
10 3 2 97
10 3 3 51
10 3 4 74
10 3 5 65
10 3 6 87
10 4 1 59
10 4 2 43
10 4 3 45
10 4 4 61
10 4 5 81
10 4 6 83
10 5 1 94
10 5 2 105
10 5 3 47
10 5 4 63
10 5 5 112
10 5 6 47
10 6 1 95
10 6 2 44
10 6 3 44
10 6 4 62
10 6 5 84
10 6 6 84
10 7 1 92
10 7 2 107
10 7 3 34
10 7 4 58
10 7 5 107
10 7 6 76
10 8 1 60
10 8 2 106
10 8 3 46
10 8 4 60
10 8 5 113
10 8 6 85
10 9 1 61
10 9 2 83
10 9 3 43
10 9 4 59
10 9 5 45
10 9 6 81
10 10 1 57
10 10 2 104
10 10 3 32
10 10 4 57
10 10 5 104
10 10 6 32
10 11 1 103
10 11 2 100
10 11 3 52
10 11 4 71
10 11 5 72
10 11 6 53
10 12 1 100
10 12 2 71
10 12 3 53
10 12 4 72
10 12 5 103
10 12 6 52
10 13 1 101
10 13 2 101
10 13 3 55
10 13 4 73
10 13 5 73
10 13 6 90
10 14 1 102
10 14 2 70
10 14 3 54
10 14 4 70
10 14 5 102
10 14 6 91
10 15 1 38
10 15 2 67
10 15 3 48
10 15 4 75
10 15 5 99
10 15 6 88
10 16 1 80
10 16 2 98
10 16 3 49
10 16 4 39
10 16 5 68
10 16 6 89
10 17 1 98
10 17 2 49
10 17 3 39
10 17 4 68
10 17 5 89
10 17 6 80
10 18 1 97
10 18 2 87
10 18 3 36
10 18 4 65
10 18 5 51
10 18 6 74
10 19 1 96
10 19 2 86
10 19 3 41
10 19 4 66
10 19 5 50
10 19 6 78
10 20 1 99
10 20 2 48
10 20 3 38
10 20 4 67
10 20 5 88
10 20 6 75
10 21 1 77
10 21 2 111
10 21 3 33
10 21 4 35
10 21 5 110
10 21 6 56
10 22 1 79
10 22 2 108
10 22 3 40
10 22 4 40
10 22 5 114
10 22 6 79
10 23 1 33
10 23 2 110
10 23 3 35
10 23 4 56
10 23 5 111
10 23 6 77
10 24 1 37
10 24 2 109
10 24 3 37
10 24 4 69
10 24 5 115
10 24 6 69
11 1 1 82
11 1 2 64
11 1 3 42
11 1 4 42
11 1 5 93
11 1 6 82
11 2 1 97
11 2 2 74
11 2 3 51
11 2 4 65
11 2 5 36
11 2 6 87
11 3 1 43
11 3 2 61
11 3 3 45
11 3 4 81
11 3 5 59
11 3 6 83
11 4 1 66
11 4 2 41
11 4 3 50
11 4 4 96
11 4 5 78
11 4 6 86
11 5 1 100
11 5 2 71
11 5 3 52
11 5 4 72
11 5 5 103
11 5 6 53
11 6 1 98
11 6 2 39
11 6 3 49
11 6 4 68
11 6 5 80
11 6 6 89
11 7 1 101
11 7 2 73
11 7 3 55
11 7 4 73
11 7 5 101
11 7 6 90
11 8 1 70
11 8 2 70
11 8 3 54
11 8 4 102
11 8 5 102
11 8 6 91
11 9 1 67
11 9 2 75
11 9 3 48
11 9 4 99
11 9 5 38
11 9 6 88
11 10 1 71
11 10 2 72
11 10 3 53
11 10 4 103
11 10 5 100
11 10 6 52
11 11 1 104
11 11 2 57
11 11 3 32
11 11 4 104
11 11 5 57
11 11 6 32
11 12 1 105
11 12 2 63
11 12 3 47
11 12 4 112
11 12 5 94
11 12 6 47
11 13 1 106
11 13 2 60
11 13 3 46
11 13 4 113
11 13 5 60
11 13 6 85
11 14 1 107
11 14 2 58
11 14 3 34
11 14 4 107
11 14 5 92
11 14 6 76
11 15 1 44
11 15 2 62
11 15 3 44
11 15 4 84
11 15 5 95
11 15 6 84
11 16 1 83
11 16 2 59
11 16 3 43
11 16 4 45
11 16 5 61
11 16 6 81
11 17 1 108
11 17 2 40
11 17 3 40
11 17 4 114
11 17 5 79
11 17 6 79
11 18 1 109
11 18 2 69
11 18 3 37
11 18 4 115
11 18 5 37
11 18 6 69
11 19 1 110
11 19 2 56
11 19 3 35
11 19 4 111
11 19 5 33
11 19 6 77
11 20 1 111
11 20 2 35
11 20 3 33
11 20 4 110
11 20 5 77
11 20 6 56
11 21 1 87
11 21 2 65
11 21 3 36
11 21 4 51
11 21 5 97
11 21 6 74
11 22 1 86
11 22 2 66
11 22 3 41
11 22 4 50
11 22 5 96
11 22 6 78
11 23 1 49
11 23 2 68
11 23 3 39
11 23 4 89
11 23 5 98
11 23 6 80
11 24 1 48
11 24 2 67
11 24 3 38
11 24 4 88
11 24 5 99
11 24 6 75
12 1 1 81
12 1 2 59
12 1 3 45
12 1 4 43
12 1 5 61
12 1 6 83
12 2 1 96
12 2 2 78
12 2 3 50
12 2 4 66
12 2 5 41
12 2 6 86
12 3 1 42
12 3 2 93
12 3 3 42
12 3 4 82
12 3 5 64
12 3 6 82
12 4 1 65
12 4 2 36
12 4 3 51
12 4 4 97
12 4 5 74
12 4 6 87
12 5 1 103
12 5 2 100
12 5 3 53
12 5 4 71
12 5 5 72
12 5 6 52
12 6 1 99
12 6 2 38
12 6 3 48
12 6 4 67
12 6 5 75
12 6 6 88
12 7 1 102
12 7 2 102
12 7 3 54
12 7 4 70
12 7 5 70
12 7 6 91
12 8 1 73
12 8 2 101
12 8 3 55
12 8 4 101
12 8 5 73
12 8 6 90
12 9 1 68
12 9 2 80
12 9 3 49
12 9 4 98
12 9 5 39
12 9 6 89
12 10 1 72
12 10 2 103
12 10 3 52
12 10 4 100
12 10 5 71
12 10 6 53
12 11 1 112
12 11 2 94
12 11 3 47
12 11 4 105
12 11 5 63
12 11 6 47
12 12 1 104
12 12 2 57
12 12 3 32
12 12 4 104
12 12 5 57
12 12 6 32
12 13 1 107
12 13 2 92
12 13 3 34
12 13 4 107
12 13 5 58
12 13 6 76
12 14 1 113
12 14 2 60
12 14 3 46
12 14 4 106
12 14 5 60
12 14 6 85
12 15 1 45
12 15 2 61
12 15 3 43
12 15 4 83
12 15 5 59
12 15 6 81
12 16 1 84
12 16 2 95
12 16 3 44
12 16 4 44
12 16 5 62
12 16 6 84
12 17 1 111
12 17 2 33
12 17 3 35
12 17 4 110
12 17 5 56
12 17 6 77
12 18 1 110
12 18 2 77
12 18 3 33
12 18 4 111
12 18 5 35
12 18 6 56
12 19 1 114
12 19 2 79
12 19 3 40
12 19 4 108
12 19 5 40
12 19 6 79
12 20 1 115
12 20 2 37
12 20 3 37
12 20 4 109
12 20 5 69
12 20 6 69
12 21 1 88
12 21 2 99
12 21 3 38
12 21 4 48
12 21 5 67
12 21 6 75
12 22 1 89
12 22 2 98
12 22 3 39
12 22 4 49
12 22 5 68
12 22 6 80
12 23 1 50
12 23 2 96
12 23 3 41
12 23 4 86
12 23 5 66
12 23 6 78
12 24 1 51
12 24 2 97
12 24 3 36
12 24 4 87
12 24 5 65
12 24 6 74
13 1 1 84
13 1 2 62
13 1 3 84
13 1 4 44
13 1 5 95
13 1 6 44
13 2 1 99
13 2 2 75
13 2 3 88
13 2 4 67
13 2 5 38
13 2 6 48
13 3 1 45
13 3 2 59
13 3 3 81
13 3 4 83
13 3 5 61
13 3 6 43
13 4 1 68
13 4 2 39
13 4 3 89
13 4 4 98
13 4 5 80
13 4 6 49
13 5 1 102
13 5 2 70
13 5 3 91
13 5 4 70
13 5 5 102
13 5 6 54
13 6 1 96
13 6 2 41
13 6 3 86
13 6 4 66
13 6 5 78
13 6 6 50
13 7 1 103
13 7 2 72
13 7 3 52
13 7 4 71
13 7 5 100
13 7 6 53
13 8 1 72
13 8 2 71
13 8 3 53
13 8 4 100
13 8 5 103
13 8 6 52
13 9 1 65
13 9 2 74
13 9 3 87
13 9 4 97
13 9 5 36
13 9 6 51
13 10 1 73
13 10 2 73
13 10 3 90
13 10 4 101
13 10 5 101
13 10 6 55
13 11 1 113
13 11 2 60
13 11 3 85
13 11 4 106
13 11 5 60
13 11 6 46
13 12 1 107
13 12 2 58
13 12 3 76
13 12 4 107
13 12 5 92
13 12 6 34
13 13 1 104
13 13 2 57
13 13 3 32
13 13 4 104
13 13 5 57
13 13 6 32
13 14 1 112
13 14 2 63
13 14 3 47
13 14 4 105
13 14 5 94
13 14 6 47
13 15 1 42
13 15 2 64
13 15 3 82
13 15 4 82
13 15 5 93
13 15 6 42
13 16 1 81
13 16 2 61
13 16 3 83
13 16 4 43
13 16 5 59
13 16 6 45
13 17 1 110
13 17 2 35
13 17 3 56
13 17 4 111
13 17 5 77
13 17 6 33
13 18 1 111
13 18 2 56
13 18 3 77
13 18 4 110
13 18 5 33
13 18 6 35
13 19 1 115
13 19 2 69
13 19 3 69
13 19 4 109
13 19 5 37
13 19 6 37
13 20 1 114
13 20 2 40
13 20 3 79
13 20 4 108
13 20 5 79
13 20 6 40
13 21 1 89
13 21 2 68
13 21 3 80
13 21 4 49
13 21 5 98
13 21 6 39
13 22 1 88
13 22 2 67
13 22 3 75
13 22 4 48
13 22 5 99
13 22 6 38
13 23 1 51
13 23 2 65
13 23 3 74
13 23 4 87
13 23 5 97
13 23 6 36
13 24 1 50
13 24 2 66
13 24 3 78
13 24 4 86
13 24 5 96
13 24 6 41
14 1 1 83
14 1 2 61
14 1 3 81
14 1 4 45
14 1 5 59
14 1 6 43
14 2 1 98
14 2 2 80
14 2 3 89
14 2 4 68
14 2 5 39
14 2 6 49
14 3 1 44
14 3 2 95
14 3 3 84
14 3 4 84
14 3 5 62
14 3 6 44
14 4 1 67
14 4 2 38
14 4 3 88
14 4 4 99
14 4 5 75
14 4 6 48
14 5 1 101
14 5 2 101
14 5 3 90
14 5 4 73
14 5 5 73
14 5 6 55
14 6 1 97
14 6 2 36
14 6 3 87
14 6 4 65
14 6 5 74
14 6 6 51
14 7 1 100
14 7 2 103
14 7 3 53
14 7 4 72
14 7 5 71
14 7 6 52
14 8 1 71
14 8 2 100
14 8 3 52
14 8 4 103
14 8 5 72
14 8 6 53
14 9 1 66
14 9 2 78
14 9 3 86
14 9 4 96
14 9 5 41
14 9 6 50
14 10 1 70
14 10 2 102
14 10 3 91
14 10 4 102
14 10 5 70
14 10 6 54
14 11 1 107
14 11 2 92
14 11 3 76
14 11 4 107
14 11 5 58
14 11 6 34
14 12 1 106
14 12 2 60
14 12 3 85
14 12 4 113
14 12 5 60
14 12 6 46
14 13 1 105
14 13 2 94
14 13 3 47
14 13 4 112
14 13 5 63
14 13 6 47
14 14 1 104
14 14 2 57
14 14 3 32
14 14 4 104
14 14 5 57
14 14 6 32
14 15 1 43
14 15 2 59
14 15 3 83
14 15 4 81
14 15 5 61
14 15 6 45
14 16 1 82
14 16 2 93
14 16 3 82
14 16 4 42
14 16 5 64
14 16 6 42
14 17 1 109
14 17 2 37
14 17 3 69
14 17 4 115
14 17 5 69
14 17 6 37
14 18 1 108
14 18 2 79
14 18 3 79
14 18 4 114
14 18 5 40
14 18 6 40
14 19 1 111
14 19 2 77
14 19 3 56
14 19 4 110
14 19 5 35
14 19 6 33
14 20 1 110
14 20 2 33
14 20 3 77
14 20 4 111
14 20 5 56
14 20 6 35
14 21 1 86
14 21 2 96
14 21 3 78
14 21 4 50
14 21 5 66
14 21 6 41
14 22 1 87
14 22 2 97
14 22 3 74
14 22 4 51
14 22 5 65
14 22 6 36
14 23 1 48
14 23 2 99
14 23 3 75
14 23 4 88
14 23 5 67
14 23 6 38
14 24 1 49
14 24 2 98
14 24 3 80
14 24 4 89
14 24 5 68
14 24 6 39
15 1 1 85
15 1 2 60
15 1 3 113
15 1 4 46
15 1 5 60
15 1 6 106
15 2 1 79
15 2 2 79
15 2 3 114
15 2 4 40
15 2 5 40
15 2 6 108
15 3 1 47
15 3 2 94
15 3 3 112
15 3 4 47
15 3 5 63
15 3 6 105
15 4 1 69
15 4 2 37
15 4 3 115
15 4 4 37
15 4 5 69
15 4 6 109
15 5 1 80
15 5 2 98
15 5 3 89
15 5 4 39
15 5 5 68
15 5 6 49
15 6 1 77
15 6 2 33
15 6 3 111
15 6 4 35
15 6 5 56
15 6 6 110
15 7 1 78
15 7 2 96
15 7 3 50
15 7 4 41
15 7 5 66
15 7 6 86
15 8 1 74
15 8 2 97
15 8 3 51
15 8 4 36
15 8 5 65
15 8 6 87
15 9 1 56
15 9 2 77
15 9 3 110
15 9 4 33
15 9 5 35
15 9 6 111
15 10 1 75
15 10 2 99
15 10 3 88
15 10 4 38
15 10 5 67
15 10 6 48
15 11 1 84
15 11 2 95
15 11 3 84
15 11 4 44
15 11 5 62
15 11 6 44
15 12 1 83
15 12 2 59
15 12 3 81
15 12 4 45
15 12 5 61
15 12 6 43
15 13 1 82
15 13 2 93
15 13 3 42
15 13 4 42
15 13 5 64
15 13 6 82
15 14 1 81
15 14 2 61
15 14 3 45
15 14 4 43
15 14 5 59
15 14 6 83
15 15 1 32
15 15 2 57
15 15 3 104
15 15 4 32
15 15 5 57
15 15 6 104
15 16 1 76
15 16 2 92
15 16 3 107
15 16 4 34
15 16 5 58
15 16 6 107
15 17 1 87
15 17 2 36
15 17 3 65
15 17 4 51
15 17 5 74
15 17 6 97
15 18 1 86
15 18 2 78
15 18 3 96
15 18 4 50
15 18 5 41
15 18 6 66
15 19 1 89
15 19 2 80
15 19 3 68
15 19 4 49
15 19 5 39
15 19 6 98
15 20 1 88
15 20 2 38
15 20 3 99
15 20 4 48
15 20 5 75
15 20 6 67
15 21 1 91
15 21 2 102
15 21 3 102
15 21 4 54
15 21 5 70
15 21 6 70
15 22 1 90
15 22 2 101
15 22 3 73
15 22 4 55
15 22 5 73
15 22 6 101
15 23 1 53
15 23 2 103
15 23 3 72
15 23 4 52
15 23 5 71
15 23 6 100
15 24 1 52
15 24 2 100
15 24 3 103
15 24 4 53
15 24 5 72
15 24 6 71
16 1 1 47
16 1 2 63
16 1 3 112
16 1 4 47
16 1 5 94
16 1 6 105
16 2 1 37
16 2 2 69
16 2 3 115
16 2 4 69
16 2 5 37
16 2 6 109
16 3 1 46
16 3 2 60
16 3 3 113
16 3 4 85
16 3 5 60
16 3 6 106
16 4 1 40
16 4 2 40
16 4 3 114
16 4 4 79
16 4 5 79
16 4 6 108
16 5 1 38
16 5 2 67
16 5 3 88
16 5 4 75
16 5 5 99
16 5 6 48
16 6 1 33
16 6 2 35
16 6 3 110
16 6 4 56
16 6 5 77
16 6 6 111
16 7 1 36
16 7 2 65
16 7 3 51
16 7 4 74
16 7 5 97
16 7 6 87
16 8 1 41
16 8 2 66
16 8 3 50
16 8 4 78
16 8 5 96
16 8 6 86
16 9 1 35
16 9 2 56
16 9 3 111
16 9 4 77
16 9 5 33
16 9 6 110
16 10 1 39
16 10 2 68
16 10 3 89
16 10 4 80
16 10 5 98
16 10 6 49
16 11 1 45
16 11 2 61
16 11 3 81
16 11 4 83
16 11 5 59
16 11 6 43
16 12 1 44
16 12 2 62
16 12 3 84
16 12 4 84
16 12 5 95
16 12 6 44
16 13 1 43
16 13 2 59
16 13 3 45
16 13 4 81
16 13 5 61
16 13 6 83
16 14 1 42
16 14 2 64
16 14 3 42
16 14 4 82
16 14 5 93
16 14 6 82
16 15 1 34
16 15 2 58
16 15 3 107
16 15 4 76
16 15 5 92
16 15 6 107
16 16 1 32
16 16 2 57
16 16 3 104
16 16 4 32
16 16 5 57
16 16 6 104
16 17 1 49
16 17 2 39
16 17 3 68
16 17 4 89
16 17 5 80
16 17 6 98
16 18 1 48
16 18 2 75
16 18 3 99
16 18 4 88
16 18 5 38
16 18 6 67
16 19 1 51
16 19 2 74
16 19 3 65
16 19 4 87
16 19 5 36
16 19 6 97
16 20 1 50
16 20 2 41
16 20 3 96
16 20 4 86
16 20 5 78
16 20 6 66
16 21 1 53
16 21 2 72
16 21 3 103
16 21 4 52
16 21 5 100
16 21 6 71
16 22 1 52
16 22 2 71
16 22 3 72
16 22 4 53
16 22 5 103
16 22 6 100
16 23 1 55
16 23 2 73
16 23 3 73
16 23 4 90
16 23 5 101
16 23 6 101
16 24 1 54
16 24 2 70
16 24 3 102
16 24 4 91
16 24 5 102
16 24 6 70
17 1 1 88
17 1 2 75
17 1 3 99
17 1 4 48
17 1 5 38
17 1 6 67
17 2 1 102
17 2 2 91
17 2 3 102
17 2 4 70
17 2 5 54
17 2 6 70
17 3 1 50
17 3 2 78
17 3 3 96
17 3 4 86
17 3 5 41
17 3 6 66
17 4 1 72
17 4 2 53
17 4 3 103
17 4 4 100
17 4 5 52
17 4 6 71
17 5 1 96
17 5 2 86
17 5 3 78
17 5 4 66
17 5 5 50
17 5 6 41
17 6 1 103
17 6 2 52
17 6 3 100
17 6 4 71
17 6 5 53
17 6 6 72
17 7 1 99
17 7 2 88
17 7 3 38
17 7 4 67
17 7 5 48
17 7 6 75
17 8 1 65
17 8 2 87
17 8 3 36
17 8 4 97
17 8 5 51
17 8 6 74
17 9 1 73
17 9 2 90
17 9 3 101
17 9 4 101
17 9 5 55
17 9 6 73
17 10 1 68
17 10 2 89
17 10 3 80
17 10 4 98
17 10 5 49
17 10 6 39
17 11 1 114
17 11 2 79
17 11 3 79
17 11 4 108
17 11 5 40
17 11 6 40
17 12 1 110
17 12 2 56
17 12 3 77
17 12 4 111
17 12 5 33
17 12 6 35
17 13 1 111
17 13 2 77
17 13 3 33
17 13 4 110
17 13 5 35
17 13 6 56
17 14 1 115
17 14 2 69
17 14 3 37
17 14 4 109
17 14 5 37
17 14 6 69
17 15 1 51
17 15 2 74
17 15 3 97
17 15 4 87
17 15 5 36
17 15 6 65
17 16 1 89
17 16 2 80
17 16 3 98
17 16 4 49
17 16 5 39
17 16 6 68
17 17 1 104
17 17 2 32
17 17 3 57
17 17 4 104
17 17 5 32
17 17 6 57
17 18 1 107
17 18 2 76
17 18 3 92
17 18 4 107
17 18 5 34
17 18 6 58
17 19 1 113
17 19 2 85
17 19 3 60
17 19 4 106
17 19 5 46
17 19 6 60
17 20 1 112
17 20 2 47
17 20 3 94
17 20 4 105
17 20 5 47
17 20 6 63
17 21 1 84
17 21 2 84
17 21 3 95
17 21 4 44
17 21 5 44
17 21 6 62
17 22 1 81
17 22 2 83
17 22 3 59
17 22 4 43
17 22 5 45
17 22 6 61
17 23 1 45
17 23 2 81
17 23 3 61
17 23 4 83
17 23 5 43
17 23 6 59
17 24 1 42
17 24 2 82
17 24 3 93
17 24 4 82
17 24 5 42
17 24 6 64
18 1 1 89
18 1 2 39
18 1 3 68
18 1 4 49
18 1 5 80
18 1 6 98
18 2 1 103
18 2 2 53
18 2 3 72
18 2 4 71
18 2 5 52
18 2 6 100
18 3 1 51
18 3 2 36
18 3 3 65
18 3 4 87
18 3 5 74
18 3 6 97
18 4 1 73
18 4 2 55
18 4 3 73
18 4 4 101
18 4 5 90
18 4 6 101
18 5 1 99
18 5 2 48
18 5 3 75
18 5 4 67
18 5 5 88
18 5 6 38
18 6 1 102
18 6 2 54
18 6 3 70
18 6 4 70
18 6 5 91
18 6 6 102
18 7 1 96
18 7 2 50
18 7 3 41
18 7 4 66
18 7 5 86
18 7 6 78
18 8 1 68
18 8 2 49
18 8 3 39
18 8 4 98
18 8 5 89
18 8 6 80
18 9 1 72
18 9 2 52
18 9 3 71
18 9 4 100
18 9 5 53
18 9 6 103
18 10 1 65
18 10 2 51
18 10 3 74
18 10 4 97
18 10 5 87
18 10 6 36
18 11 1 115
18 11 2 37
18 11 3 69
18 11 4 109
18 11 5 69
18 11 6 37
18 12 1 111
18 12 2 35
18 12 3 56
18 12 4 110
18 12 5 77
18 12 6 33
18 13 1 110
18 13 2 33
18 13 3 35
18 13 4 111
18 13 5 56
18 13 6 77
18 14 1 114
18 14 2 40
18 14 3 40
18 14 4 108
18 14 5 79
18 14 6 79
18 15 1 50
18 15 2 41
18 15 3 66
18 15 4 86
18 15 5 78
18 15 6 96
18 16 1 88
18 16 2 38
18 16 3 67
18 16 4 48
18 16 5 75
18 16 6 99
18 17 1 107
18 17 2 34
18 17 3 58
18 17 4 107
18 17 5 76
18 17 6 92
18 18 1 104
18 18 2 32
18 18 3 57
18 18 4 104
18 18 5 32
18 18 6 57
18 19 1 112
18 19 2 47
18 19 3 63
18 19 4 105
18 19 5 47
18 19 6 94
18 20 1 113
18 20 2 46
18 20 3 60
18 20 4 106
18 20 5 85
18 20 6 60
18 21 1 81
18 21 2 45
18 21 3 61
18 21 4 43
18 21 5 83
18 21 6 59
18 22 1 84
18 22 2 44
18 22 3 62
18 22 4 44
18 22 5 84
18 22 6 95
18 23 1 42
18 23 2 42
18 23 3 64
18 23 4 82
18 23 5 82
18 23 6 93
18 24 1 45
18 24 2 43
18 24 3 59
18 24 4 83
18 24 5 81
18 24 6 61
19 1 1 86
19 1 2 41
19 1 3 96
19 1 4 50
19 1 5 78
19 1 6 66
19 2 1 100
19 2 2 52
19 2 3 103
19 2 4 72
19 2 5 53
19 2 6 71
19 3 1 48
19 3 2 38
19 3 3 99
19 3 4 88
19 3 5 75
19 3 6 67
19 4 1 70
19 4 2 54
19 4 3 102
19 4 4 102
19 4 5 91
19 4 6 70
19 5 1 98
19 5 2 49
19 5 3 80
19 5 4 68
19 5 5 89
19 5 6 39
19 6 1 101
19 6 2 55
19 6 3 101
19 6 4 73
19 6 5 90
19 6 6 73
19 7 1 97
19 7 2 51
19 7 3 36
19 7 4 65
19 7 5 87
19 7 6 74
19 8 1 67
19 8 2 48
19 8 3 38
19 8 4 99
19 8 5 88
19 8 6 75
19 9 1 71
19 9 2 53
19 9 3 100
19 9 4 103
19 9 5 52
19 9 6 72
19 10 1 66
19 10 2 50
19 10 3 78
19 10 4 96
19 10 5 86
19 10 6 41
19 11 1 111
19 11 2 33
19 11 3 77
19 11 4 110
19 11 5 56
19 11 6 35
19 12 1 108
19 12 2 40
19 12 3 79
19 12 4 114
19 12 5 79
19 12 6 40
19 13 1 109
19 13 2 37
19 13 3 37
19 13 4 115
19 13 5 69
19 13 6 69
19 14 1 110
19 14 2 35
19 14 3 33
19 14 4 111
19 14 5 77
19 14 6 56
19 15 1 49
19 15 2 39
19 15 3 98
19 15 4 89
19 15 5 80
19 15 6 68
19 16 1 87
19 16 2 36
19 16 3 97
19 16 4 51
19 16 5 74
19 16 6 65
19 17 1 106
19 17 2 46
19 17 3 60
19 17 4 113
19 17 5 85
19 17 6 60
19 18 1 105
19 18 2 47
19 18 3 94
19 18 4 112
19 18 5 47
19 18 6 63
19 19 1 104
19 19 2 32
19 19 3 57
19 19 4 104
19 19 5 32
19 19 6 57
19 20 1 107
19 20 2 34
19 20 3 92
19 20 4 107
19 20 5 76
19 20 6 58
19 21 1 82
19 21 2 42
19 21 3 93
19 21 4 42
19 21 5 82
19 21 6 64
19 22 1 83
19 22 2 43
19 22 3 61
19 22 4 45
19 22 5 81
19 22 6 59
19 23 1 43
19 23 2 45
19 23 3 59
19 23 4 81
19 23 5 83
19 23 6 61
19 24 1 44
19 24 2 44
19 24 3 95
19 24 4 84
19 24 5 84
19 24 6 62
20 1 1 87
20 1 2 74
20 1 3 65
20 1 4 51
20 1 5 36
20 1 6 97
20 2 1 101
20 2 2 90
20 2 3 73
20 2 4 73
20 2 5 55
20 2 6 101
20 3 1 49
20 3 2 80
20 3 3 68
20 3 4 89
20 3 5 39
20 3 6 98
20 4 1 71
20 4 2 52
20 4 3 72
20 4 4 103
20 4 5 53
20 4 6 100
20 5 1 97
20 5 2 87
20 5 3 74
20 5 4 65
20 5 5 51
20 5 6 36
20 6 1 100
20 6 2 53
20 6 3 71
20 6 4 72
20 6 5 52
20 6 6 103
20 7 1 98
20 7 2 89
20 7 3 39
20 7 4 68
20 7 5 49
20 7 6 80
20 8 1 66
20 8 2 86
20 8 3 41
20 8 4 96
20 8 5 50
20 8 6 78
20 9 1 70
20 9 2 91
20 9 3 70
20 9 4 102
20 9 5 54
20 9 6 102
20 10 1 67
20 10 2 88
20 10 3 75
20 10 4 99
20 10 5 48
20 10 6 38
20 11 1 110
20 11 2 77
20 11 3 56
20 11 4 111
20 11 5 35
20 11 6 33
20 12 1 109
20 12 2 69
20 12 3 69
20 12 4 115
20 12 5 37
20 12 6 37
20 13 1 108
20 13 2 79
20 13 3 40
20 13 4 114
20 13 5 40
20 13 6 79
20 14 1 111
20 14 2 56
20 14 3 35
20 14 4 110
20 14 5 33
20 14 6 77
20 15 1 48
20 15 2 75
20 15 3 67
20 15 4 88
20 15 5 38
20 15 6 99
20 16 1 86
20 16 2 78
20 16 3 66
20 16 4 50
20 16 5 41
20 16 6 96
20 17 1 105
20 17 2 47
20 17 3 63
20 17 4 112
20 17 5 47
20 17 6 94
20 18 1 106
20 18 2 85
20 18 3 60
20 18 4 113
20 18 5 46
20 18 6 60
20 19 1 107
20 19 2 76
20 19 3 58
20 19 4 107
20 19 5 34
20 19 6 92
20 20 1 104
20 20 2 32
20 20 3 57
20 20 4 104
20 20 5 32
20 20 6 57
20 21 1 83
20 21 2 81
20 21 3 59
20 21 4 45
20 21 5 43
20 21 6 61
20 22 1 82
20 22 2 82
20 22 3 64
20 22 4 42
20 22 5 42
20 22 6 93
20 23 1 44
20 23 2 84
20 23 3 62
20 23 4 84
20 23 5 44
20 23 6 95
20 24 1 43
20 24 2 83
20 24 3 61
20 24 4 81
20 24 5 45
20 24 6 59
21 1 1 53
21 1 2 71
21 1 3 72
21 1 4 52
21 1 5 103
21 1 6 100
21 2 1 36
21 2 2 87
21 2 3 65
21 2 4 74
21 2 5 51
21 2 6 97
21 3 1 55
21 3 2 101
21 3 3 73
21 3 4 90
21 3 5 73
21 3 6 101
21 4 1 39
21 4 2 49
21 4 3 68
21 4 4 80
21 4 5 89
21 4 6 98
21 5 1 37
21 5 2 109
21 5 3 69
21 5 4 69
21 5 5 115
21 5 6 37
21 6 1 38
21 6 2 48
21 6 3 67
21 6 4 75
21 6 5 88
21 6 6 99
21 7 1 33
21 7 2 111
21 7 3 35
21 7 4 56
21 7 5 110
21 7 6 77
21 8 1 40
21 8 2 108
21 8 3 40
21 8 4 79
21 8 5 114
21 8 6 79
21 9 1 41
21 9 2 86
21 9 3 66
21 9 4 78
21 9 5 50
21 9 6 96
21 10 1 35
21 10 2 110
21 10 3 56
21 10 4 77
21 10 5 111
21 10 6 33
21 11 1 51
21 11 2 97
21 11 3 74
21 11 4 87
21 11 5 65
21 11 6 36
21 12 1 48
21 12 2 67
21 12 3 75
21 12 4 88
21 12 5 99
21 12 6 38
21 13 1 49
21 13 2 98
21 13 3 39
21 13 4 89
21 13 5 68
21 13 6 80
21 14 1 50
21 14 2 66
21 14 3 41
21 14 4 86
21 14 5 96
21 14 6 78
21 15 1 54
21 15 2 70
21 15 3 70
21 15 4 91
21 15 5 102
21 15 6 102
21 16 1 52
21 16 2 100
21 16 3 71
21 16 4 53
21 16 5 72
21 16 6 103
21 17 1 44
21 17 2 44
21 17 3 62
21 17 4 84
21 17 5 84
21 17 6 95
21 18 1 43
21 18 2 83
21 18 3 59
21 18 4 81
21 18 5 45
21 18 6 61
21 19 1 42
21 19 2 82
21 19 3 64
21 19 4 82
21 19 5 42
21 19 6 93
21 20 1 45
21 20 2 43
21 20 3 61
21 20 4 83
21 20 5 81
21 20 6 59
21 21 1 32
21 21 2 104
21 21 3 57
21 21 4 32
21 21 5 104
21 21 6 57
21 22 1 47
21 22 2 105
21 22 3 63
21 22 4 47
21 22 5 112
21 22 6 94
21 23 1 34
21 23 2 107
21 23 3 58
21 23 4 76
21 23 5 107
21 23 6 92
21 24 1 46
21 24 2 106
21 24 3 60
21 24 4 85
21 24 5 113
21 24 6 60
22 1 1 52
22 1 2 72
22 1 3 103
22 1 4 53
22 1 5 100
22 1 6 71
22 2 1 38
22 2 2 88
22 2 3 99
22 2 4 75
22 2 5 48
22 2 6 67
22 3 1 54
22 3 2 102
22 3 3 102
22 3 4 91
22 3 5 70
22 3 6 70
22 4 1 41
22 4 2 50
22 4 3 96
22 4 4 78
22 4 5 86
22 4 6 66
22 5 1 33
22 5 2 110
22 5 3 77
22 5 4 56
22 5 5 111
22 5 6 35
22 6 1 36
22 6 2 51
22 6 3 97
22 6 4 74
22 6 5 87
22 6 6 65
22 7 1 37
22 7 2 115
22 7 3 37
22 7 4 69
22 7 5 109
22 7 6 69
22 8 1 35
22 8 2 111
22 8 3 33
22 8 4 77
22 8 5 110
22 8 6 56
22 9 1 39
22 9 2 89
22 9 3 98
22 9 4 80
22 9 5 49
22 9 6 68
22 10 1 40
22 10 2 114
22 10 3 79
22 10 4 79
22 10 5 108
22 10 6 40
22 11 1 50
22 11 2 96
22 11 3 78
22 11 4 86
22 11 5 66
22 11 6 41
22 12 1 49
22 12 2 68
22 12 3 80
22 12 4 89
22 12 5 98
22 12 6 39
22 13 1 48
22 13 2 99
22 13 3 38
22 13 4 88
22 13 5 67
22 13 6 75
22 14 1 51
22 14 2 65
22 14 3 36
22 14 4 87
22 14 5 97
22 14 6 74
22 15 1 55
22 15 2 73
22 15 3 101
22 15 4 90
22 15 5 101
22 15 6 73
22 16 1 53
22 16 2 103
22 16 3 100
22 16 4 52
22 16 5 71
22 16 6 72
22 17 1 43
22 17 2 45
22 17 3 61
22 17 4 81
22 17 5 83
22 17 6 59
22 18 1 44
22 18 2 84
22 18 3 95
22 18 4 84
22 18 5 44
22 18 6 62
22 19 1 45
22 19 2 81
22 19 3 59
22 19 4 83
22 19 5 43
22 19 6 61
22 20 1 42
22 20 2 42
22 20 3 93
22 20 4 82
22 20 5 82
22 20 6 64
22 21 1 47
22 21 2 112
22 21 3 94
22 21 4 47
22 21 5 105
22 21 6 63
22 22 1 32
22 22 2 104
22 22 3 57
22 22 4 32
22 22 5 104
22 22 6 57
22 23 1 46
22 23 2 113
22 23 3 60
22 23 4 85
22 23 5 106
22 23 6 60
22 24 1 34
22 24 2 107
22 24 3 92
22 24 4 76
22 24 5 107
22 24 6 58
23 1 1 91
23 1 2 70
23 1 3 102
23 1 4 54
23 1 5 102
23 1 6 70
23 2 1 78
23 2 2 86
23 2 3 96
23 2 4 41
23 2 5 50
23 2 6 66
23 3 1 53
23 3 2 100
23 3 3 103
23 3 4 52
23 3 5 72
23 3 6 71
23 4 1 75
23 4 2 48
23 4 3 99
23 4 4 38
23 4 5 88
23 4 6 67
23 5 1 79
23 5 2 108
23 5 3 79
23 5 4 40
23 5 5 114
23 5 6 40
23 6 1 80
23 6 2 49
23 6 3 98
23 6 4 39
23 6 5 89
23 6 6 68
23 7 1 77
23 7 2 110
23 7 3 33
23 7 4 35
23 7 5 111
23 7 6 56
23 8 1 69
23 8 2 109
23 8 3 37
23 8 4 37
23 8 5 115
23 8 6 69
23 9 1 74
23 9 2 87
23 9 3 97
23 9 4 36
23 9 5 51
23 9 6 65
23 10 1 56
23 10 2 111
23 10 3 77
23 10 4 33
23 10 5 110
23 10 6 35
23 11 1 89
23 11 2 98
23 11 3 80
23 11 4 49
23 11 5 68
23 11 6 39
23 12 1 86
23 12 2 66
23 12 3 78
23 12 4 50
23 12 5 96
23 12 6 41
23 13 1 87
23 13 2 97
23 13 3 36
23 13 4 51
23 13 5 65
23 13 6 74
23 14 1 88
23 14 2 67
23 14 3 38
23 14 4 48
23 14 5 99
23 14 6 75
23 15 1 52
23 15 2 71
23 15 3 100
23 15 4 53
23 15 5 103
23 15 6 72
23 16 1 90
23 16 2 101
23 16 3 101
23 16 4 55
23 16 5 73
23 16 6 73
23 17 1 83
23 17 2 43
23 17 3 59
23 17 4 45
23 17 5 81
23 17 6 61
23 18 1 82
23 18 2 82
23 18 3 93
23 18 4 42
23 18 5 42
23 18 6 64
23 19 1 81
23 19 2 83
23 19 3 61
23 19 4 43
23 19 5 45
23 19 6 59
23 20 1 84
23 20 2 44
23 20 3 95
23 20 4 44
23 20 5 84
23 20 6 62
23 21 1 76
23 21 2 107
23 21 3 92
23 21 4 34
23 21 5 107
23 21 6 58
23 22 1 85
23 22 2 106
23 22 3 60
23 22 4 46
23 22 5 113
23 22 6 60
23 23 1 32
23 23 2 104
23 23 3 57
23 23 4 32
23 23 5 104
23 23 6 57
23 24 1 47
23 24 2 105
23 24 3 94
23 24 4 47
23 24 5 112
23 24 6 63
24 1 1 90
24 1 2 73
24 1 3 73
24 1 4 55
24 1 5 101
24 1 6 101
24 2 1 80
24 2 2 89
24 2 3 68
24 2 4 39
24 2 5 49
24 2 6 98
24 3 1 52
24 3 2 103
24 3 3 72
24 3 4 53
24 3 5 71
24 3 6 100
24 4 1 74
24 4 2 51
24 4 3 65
24 4 4 36
24 4 5 87
24 4 6 97
24 5 1 77
24 5 2 111
24 5 3 56
24 5 4 35
24 5 5 110
24 5 6 33
24 6 1 78
24 6 2 50
24 6 3 66
24 6 4 41
24 6 5 86
24 6 6 96
24 7 1 79
24 7 2 114
24 7 3 40
24 7 4 40
24 7 5 108
24 7 6 79
24 8 1 56
24 8 2 110
24 8 3 35
24 8 4 33
24 8 5 111
24 8 6 77
24 9 1 75
24 9 2 88
24 9 3 67
24 9 4 38
24 9 5 48
24 9 6 99
24 10 1 69
24 10 2 115
24 10 3 69
24 10 4 37
24 10 5 109
24 10 6 37
24 11 1 88
24 11 2 99
24 11 3 75
24 11 4 48
24 11 5 67
24 11 6 38
24 12 1 87
24 12 2 65
24 12 3 74
24 12 4 51
24 12 5 97
24 12 6 36
24 13 1 86
24 13 2 96
24 13 3 41
24 13 4 50
24 13 5 66
24 13 6 78
24 14 1 89
24 14 2 68
24 14 3 39
24 14 4 49
24 14 5 98
24 14 6 80
24 15 1 53
24 15 2 72
24 15 3 71
24 15 4 52
24 15 5 100
24 15 6 103
24 16 1 91
24 16 2 102
24 16 3 70
24 16 4 54
24 16 5 70
24 16 6 102
24 17 1 82
24 17 2 42
24 17 3 64
24 17 4 42
24 17 5 82
24 17 6 93
24 18 1 83
24 18 2 81
24 18 3 61
24 18 4 45
24 18 5 43
24 18 6 59
24 19 1 84
24 19 2 84
24 19 3 62
24 19 4 44
24 19 5 44
24 19 6 95
24 20 1 81
24 20 2 45
24 20 3 59
24 20 4 43
24 20 5 83
24 20 6 61
24 21 1 85
24 21 2 113
24 21 3 60
24 21 4 46
24 21 5 106
24 21 6 60
24 22 1 76
24 22 2 107
24 22 3 58
24 22 4 34
24 22 5 107
24 22 6 92
24 23 1 47
24 23 2 112
24 23 3 63
24 23 4 47
24 23 5 105
24 23 6 94
24 24 1 32
24 24 2 104
24 24 3 57
24 24 4 32
24 24 5 104
24 24 6 57
#END