0 0 0 0
1 1 0 1
2 2 0 2
3 3 0 3
4 4 0 4
5 5 0 5
6 6 0 6
7 7 0 7
8 8 0 8
9 9 0 9
10 10 0 10
11 11 0 11
12 12 0 12
0 0 1 13
0 0 2 13
0 0 3 13
0 0 4 13
0 0 5 13
0 0 6 13
0 0 7 13
0 0 8 13
1 0 1 14
2 0 1 15
3 0 1 16
4 0 1 17
5 0 1 18
6 0 1 19
7 0 1 15
8 0 1 17
9 0 1 19
10 0 1 14
11 0 1 18
12 0 1 16
1 0 2 19
2 0 2 14
3 0 2 15
4 0 2 16
5 0 2 17
6 0 2 18
7 0 2 16
8 0 2 18
9 0 2 14
10 0 2 15
11 0 2 19
12 0 2 17
1 0 3 18
2 0 3 19
3 0 3 14
4 0 3 15
5 0 3 16
6 0 3 17
7 0 3 17
8 0 3 19
9 0 3 15
10 0 3 16
11 0 3 14
12 0 3 18
1 0 4 20
2 0 4 20
3 0 4 20
4 0 4 20
5 0 4 20
6 0 4 20
7 0 4 21
8 0 4 21
9 0 4 21
10 0 4 21
11 0 4 21
12 0 4 21
1 0 5 17
2 0 5 18
3 0 5 19
4 0 5 14
5 0 5 15
6 0 5 16
7 0 5 18
8 0 5 14
9 0 5 16
10 0 5 17
11 0 5 15
12 0 5 19
1 0 6 16
2 0 6 17
3 0 6 18
4 0 6 19
5 0 6 14
6 0 6 15
7 0 6 19
8 0 6 15
9 0 6 17
10 0 6 18
11 0 6 16
12 0 6 14
1 0 7 15
2 0 7 16
3 0 7 17
4 0 7 18
5 0 7 19
6 0 7 14
7 0 7 14
8 0 7 16
9 0 7 18
10 0 7 19
11 0 7 17
12 0 7 15
1 0 8 21
2 0 8 21
3 0 8 21
4 0 8 21
5 0 8 21
6 0 8 21
7 0 8 20
8 0 8 20
9 0 8 20
10 0 8 20
11 0 8 20
12 0 8 20
0 1 1 17
0 2 1 18
0 3 1 19
0 4 1 14
0 5 1 15
0 6 1 16
0 7 1 18
0 8 1 14
0 9 1 16
0 10 1 17
0 11 1 15
0 12 1 19
0 1 2 16
0 2 2 17
0 3 2 18
0 4 2 19
0 5 2 14
0 6 2 15
0 7 2 19
0 8 2 15
0 9 2 17
0 10 2 18
0 11 2 16
0 12 2 14
0 1 3 15
0 2 3 16
0 3 3 17
0 4 3 18
0 5 3 19
0 6 3 14
0 7 3 14
0 8 3 16
0 9 3 18
0 10 3 19
0 11 3 17
0 12 3 15
0 1 4 21
0 2 4 21
0 3 4 21
0 4 4 21
0 5 4 21
0 6 4 21
0 7 4 20
0 8 4 20
0 9 4 20
0 10 4 20
0 11 4 20
0 12 4 20
0 1 5 14
0 2 5 15
0 3 5 16
0 4 5 17
0 5 5 18
0 6 5 19
0 7 5 15
0 8 5 17
0 9 5 19
0 10 5 14
0 11 5 18
0 12 5 16
0 1 6 19
0 2 6 14
0 3 6 15
0 4 6 16
0 5 6 17
0 6 6 18
0 7 6 16
0 8 6 18
0 9 6 14
0 10 6 15
0 11 6 19
0 12 6 17
0 1 7 18
0 2 7 19
0 3 7 14
0 4 7 15
0 5 7 16
0 6 7 17
0 7 7 17
0 8 7 19
0 9 7 15
0 10 7 16
0 11 7 14
0 12 7 18
0 1 8 20
0 2 8 20
0 3 8 20
0 4 8 20
0 5 8 20
0 6 8 20
0 7 8 21
0 8 8 21
0 9 8 21
0 10 8 21
0 11 8 21
0 12 8 21
1 1 1 22
1 1 2 46
1 1 3 35
1 1 4 64
1 1 5 22
1 1 6 46
1 1 7 35
1 1 8 64
1 2 1 23
1 2 2 54
1 2 3 45
1 2 4 65
1 2 5 34
1 2 6 27
1 2 7 36
1 2 8 69
1 3 1 24
1 3 2 59
1 3 3 53
1 3 4 66
1 3 5 44
1 3 6 38
1 3 7 26
1 3 8 68
1 4 1 25
1 4 2 62
1 4 3 58
1 4 4 67
1 4 5 52
1 4 6 47
1 4 7 37
1 4 8 67
1 5 1 26
1 5 2 24
1 5 3 59
1 5 4 68
1 5 5 53
1 5 6 44
1 5 7 38
1 5 8 66
1 6 1 27
1 6 2 36
1 6 3 23
1 6 4 69
1 6 5 54
1 6 6 45
1 6 7 34
1 6 8 65
1 7 1 28
1 7 2 63
1 7 3 28
1 7 4 70
1 7 5 41
1 7 6 49
1 7 7 41
1 7 8 76
1 8 1 29
1 8 2 43
1 8 3 48
1 8 4 71
1 8 5 56
1 8 6 48
1 8 7 43
1 8 8 78
1 9 1 30
1 9 2 57
1 9 3 60
1 9 4 72
1 9 5 57
1 9 6 30
1 9 7 42
1 9 8 80
1 10 1 31
1 10 2 61
1 10 3 61
1 10 4 73
1 10 5 31
1 10 6 40
1 10 7 40
1 10 8 81
1 11 1 32
1 11 2 51
1 11 3 55
1 11 4 74
1 11 5 55
1 11 6 51
1 11 7 32
1 11 8 79
1 12 1 33
1 12 2 33
1 12 3 39
1 12 4 75
1 12 5 50
1 12 6 50
1 12 7 39
1 12 8 77
2 1 1 34
2 1 2 27
2 1 3 36
2 1 4 69
2 1 5 23
2 1 6 54
2 1 7 45
2 1 8 65
2 2 1 35
2 2 2 22
2 2 3 46
2 2 4 64
2 2 5 35
2 2 6 22
2 2 7 46
2 2 8 64
2 3 1 36
2 3 2 23
2 3 3 54
2 3 4 65
2 3 5 45
2 3 6 34
2 3 7 27
2 3 8 69
2 4 1 26
2 4 2 24
2 4 3 59
2 4 4 66
2 4 5 53
2 4 6 44
2 4 7 38
2 4 8 68
2 5 1 37
2 5 2 25
2 5 3 62
2 5 4 67
2 5 5 58
2 5 6 52
2 5 7 47
2 5 8 67
2 6 1 38
2 6 2 26
2 6 3 24
2 6 4 68
2 6 5 59
2 6 6 53
2 6 7 44
2 6 8 66
2 7 1 39
2 7 2 33
2 7 3 33
2 7 4 75
2 7 5 39
2 7 6 50
2 7 7 50
2 7 8 77
2 8 1 32
2 8 2 32
2 8 3 51
2 8 4 74
2 8 5 55
2 8 6 55
2 8 7 51
2 8 8 79
2 9 1 40
2 9 2 31
2 9 3 61
2 9 4 73
2 9 5 61
2 9 6 31
2 9 7 40
2 9 8 81
2 10 1 41
2 10 2 28
2 10 3 63
2 10 4 70
2 10 5 28
2 10 6 41
2 10 7 49
2 10 8 76
2 11 1 42
2 11 2 30
2 11 3 57
2 11 4 72
2 11 5 60
2 11 6 57
2 11 7 30
2 11 8 80
2 12 1 43
2 12 2 29
2 12 3 43
2 12 4 71
2 12 5 48
2 12 6 56
2 12 7 48
2 12 8 78
3 1 1 44
3 1 2 38
3 1 3 26
3 1 4 68
3 1 5 24
3 1 6 59
3 1 7 53
3 1 8 66
3 2 1 45
3 2 2 34
3 2 3 27
3 2 4 69
3 2 5 36
3 2 6 23
3 2 7 54
3 2 8 65
3 3 1 46
3 3 2 35
3 3 3 22
3 3 4 64
3 3 5 46
3 3 6 35
3 3 7 22
3 3 8 64
3 4 1 27
3 4 2 36
3 4 3 23
3 4 4 65
3 4 5 54
3 4 6 45
3 4 7 34
3 4 8 69
3 5 1 38
3 5 2 26
3 5 3 24
3 5 4 66
3 5 5 59
3 5 6 53
3 5 7 44
3 5 8 68
3 6 1 47
3 6 2 37
3 6 3 25
3 6 4 67
3 6 5 62
3 6 6 58
3 6 7 52
3 6 8 67
3 7 1 48
3 7 2 43
3 7 3 29
3 7 4 71
3 7 5 43
3 7 6 48
3 7 7 56
3 7 8 78
3 8 1 30
3 8 2 42
3 8 3 30
3 8 4 72
3 8 5 57
3 8 6 60
3 8 7 57
3 8 8 80
3 9 1 49
3 9 2 41
3 9 3 28
3 9 4 70
3 9 5 63
3 9 6 28
3 9 7 41
3 9 8 76
3 10 1 50
3 10 2 39
3 10 3 33
3 10 4 75
3 10 5 33
3 10 6 39
3 10 7 50
3 10 8 77
3 11 1 40
3 11 2 40
3 11 3 31
3 11 4 73
3 11 5 61
3 11 6 61
3 11 7 31
3 11 8 81
3 12 1 51
3 12 2 32
3 12 3 32
3 12 4 74
3 12 5 51
3 12 6 55
3 12 7 55
3 12 8 79
4 1 1 52
4 1 2 47
4 1 3 37
4 1 4 67
4 1 5 25
4 1 6 62
4 1 7 58
4 1 8 67
4 2 1 53
4 2 2 44
4 2 3 38
4 2 4 68
4 2 5 26
4 2 6 24
4 2 7 59
4 2 8 66
4 3 1 54
4 3 2 45
4 3 3 34
4 3 4 69
4 3 5 27
4 3 6 36
4 3 7 23
4 3 8 65
4 4 1 22
4 4 2 46
4 4 3 35
4 4 4 64
4 4 5 22
4 4 6 46
4 4 7 35
4 4 8 64
4 5 1 34
4 5 2 27
4 5 3 36
4 5 4 65
4 5 5 23
4 5 6 54
4 5 7 45
4 5 8 69
4 6 1 44
4 6 2 38
4 6 3 26
4 6 4 66
4 6 5 24
4 6 6 59
4 6 7 53
4 6 8 68
4 7 1 55
4 7 2 51
4 7 3 32
4 7 4 74
4 7 5 32
4 7 6 51
4 7 7 55
4 7 8 79
4 8 1 31
4 8 2 40
4 8 3 40
4 8 4 73
4 8 5 31
4 8 6 61
4 8 7 61
4 8 8 81
4 9 1 50
4 9 2 50
4 9 3 39
4 9 4 75
4 9 5 33
4 9 6 33
4 9 7 39
4 9 8 77
4 10 1 56
4 10 2 48
4 10 3 43
4 10 4 71
4 10 5 29
4 10 6 43
4 10 7 48
4 10 8 78
4 11 1 41
4 11 2 49
4 11 3 41
4 11 4 70
4 11 5 28
4 11 6 63
4 11 7 28
4 11 8 76
4 12 1 57
4 12 2 30
4 12 3 42
4 12 4 72
4 12 5 30
4 12 6 57
4 12 7 60
4 12 8 80
5 1 1 53
5 1 2 44
5 1 3 38
5 1 4 66
5 1 5 26
5 1 6 24
5 1 7 59
5 1 8 68
5 2 1 58
5 2 2 52
5 2 3 47
5 2 4 67
5 2 5 37
5 2 6 25
5 2 7 62
5 2 8 67
5 3 1 59
5 3 2 53
5 3 3 44
5 3 4 68
5 3 5 38
5 3 6 26
5 3 7 24
5 3 8 66
5 4 1 23
5 4 2 54
5 4 3 45
5 4 4 69
5 4 5 34
5 4 6 27
5 4 7 36
5 4 8 65
5 5 1 35
5 5 2 22
5 5 3 46
5 5 4 64
5 5 5 35
5 5 6 22
5 5 7 46
5 5 8 64
5 6 1 45
5 6 2 34
5 6 3 27
5 6 4 65
5 6 5 36
5 6 6 23
5 6 7 54
5 6 8 69
5 7 1 60
5 7 2 57
5 7 3 30
5 7 4 72
5 7 5 42
5 7 6 30
5 7 7 57
5 7 8 80
5 8 1 28
5 8 2 41
5 8 3 49
5 8 4 70
5 8 5 41
5 8 6 28
5 8 7 63
5 8 8 76
5 9 1 48
5 9 2 56
5 9 3 48
5 9 4 71
5 9 5 43
5 9 6 29
5 9 7 43
5 9 8 78
5 10 1 55
5 10 2 55
5 10 3 51
5 10 4 74
5 10 5 32
5 10 6 32
5 10 7 51
5 10 8 79
5 11 1 39
5 11 2 50
5 11 3 50
5 11 4 75
5 11 5 39
5 11 6 33
5 11 7 33
5 11 8 77
5 12 1 61
5 12 2 31
5 12 3 40
5 12 4 73
5 12 5 40
5 12 6 31
5 12 7 61
5 12 8 81
6 1 1 54
6 1 2 45
6 1 3 34
6 1 4 65
6 1 5 27
6 1 6 36
6 1 7 23
6 1 8 69
6 2 1 59
6 2 2 53
6 2 3 44
6 2 4 66
6 2 5 38
6 2 6 26
6 2 7 24
6 2 8 68
6 3 1 62
6 3 2 58
6 3 3 52
6 3 4 67
6 3 5 47
6 3 6 37
6 3 7 25
6 3 8 67
6 4 1 24
6 4 2 59
6 4 3 53
6 4 4 68
6 4 5 44
6 4 6 38
6 4 7 26
6 4 8 66
6 5 1 36
6 5 2 23
6 5 3 54
6 5 4 69
6 5 5 45
6 5 6 34
6 5 7 27
6 5 8 65
6 6 1 46
6 6 2 35
6 6 3 22
6 6 4 64
6 6 5 46
6 6 6 35
6 6 7 22
6 6 8 64
6 7 1 61
6 7 2 61
6 7 3 31
6 7 4 73
6 7 5 40
6 7 6 40
6 7 7 31
6 7 8 81
6 8 1 33
6 8 2 39
6 8 3 50
6 8 4 75
6 8 5 50
6 8 6 39
6 8 7 33
6 8 8 77
6 9 1 51
6 9 2 55
6 9 3 55
6 9 4 74
6 9 5 51
6 9 6 32
6 9 7 32
6 9 8 79
6 10 1 57
6 10 2 60
6 10 3 57
6 10 4 72
6 10 5 30
6 10 6 42
6 10 7 30
6 10 8 80
6 11 1 43
6 11 2 48
6 11 3 56
6 11 4 71
6 11 5 48
6 11 6 43
6 11 7 29
6 11 8 78
6 12 1 63
6 12 2 28
6 12 3 41
6 12 4 70
6 12 5 49
6 12 6 41
6 12 7 28
6 12 8 76
7 1 1 41
7 1 2 49
7 1 3 41
7 1 4 76
7 1 5 28
7 1 6 63
7 1 7 28
7 1 8 70
7 2 1 39
7 2 2 50
7 2 3 50
7 2 4 77
7 2 5 39
7 2 6 33
7 2 7 33
7 2 8 75
7 3 1 43
7 3 2 48
7 3 3 56
7 3 4 78
7 3 5 48
7 3 6 43
7 3 7 29
7 3 8 71
7 4 1 32
7 4 2 51
7 4 3 55
7 4 4 79
7 4 5 55
7 4 6 51
7 4 7 32
7 4 8 74
7 5 1 42
7 5 2 30
7 5 3 57
7 5 4 80
7 5 5 60
7 5 6 57
7 5 7 30
7 5 8 72
7 6 1 40
7 6 2 40
7 6 3 31
7 6 4 81
7 6 5 61
7 6 6 61
7 6 7 31
7 6 8 73
7 7 1 35
7 7 2 46
7 7 3 22
7 7 4 64
7 7 5 35
7 7 6 46
7 7 7 22
7 7 8 64
7 8 1 26
7 8 2 38
7 8 3 44
7 8 4 68
7 8 5 53
7 8 6 59
7 8 7 24
7 8 8 66
7 9 1 38
7 9 2 44
7 9 3 53
7 9 4 66
7 9 5 59
7 9 6 24
7 9 7 26
7 9 8 68
7 10 1 34
7 10 2 45
7 10 3 54
7 10 4 65
7 10 5 23
7 10 6 36
7 10 7 27
7 10 8 69
7 11 1 37
7 11 2 47
7 11 3 52
7 11 4 67
7 11 5 58
7 11 6 62
7 11 7 25
7 11 8 67
7 12 1 36
7 12 2 27
7 12 3 34
7 12 4 69
7 12 5 45
7 12 6 54
7 12 7 23
7 12 8 65
8 1 1 56
8 1 2 48
8 1 3 43
8 1 4 78
8 1 5 29
8 1 6 43
8 1 7 48
8 1 8 71
8 2 1 55
8 2 2 55
8 2 3 51
8 2 4 79
8 2 5 32
8 2 6 32
8 2 7 51
8 2 8 74
8 3 1 57
8 3 2 60
8 3 3 57
8 3 4 80
8 3 5 30
8 3 6 42
8 3 7 30
8 3 8 72
8 4 1 31
8 4 2 61
8 4 3 61
8 4 4 81
8 4 5 31
8 4 6 40
8 4 7 40
8 4 8 73
8 5 1 41
8 5 2 28
8 5 3 63
8 5 4 76
8 5 5 28
8 5 6 41
8 5 7 49
8 5 8 70
8 6 1 50
8 6 2 39
8 6 3 33
8 6 4 77
8 6 5 33
8 6 6 39
8 6 7 50
8 6 8 75
8 7 1 53
8 7 2 59
8 7 3 24
8 7 4 66
8 7 5 26
8 7 6 38
8 7 7 44
8 7 8 68
8 8 1 22
8 8 2 35
8 8 3 46
8 8 4 64
8 8 5 22
8 8 6 35
8 8 7 46
8 8 8 64
8 9 1 44
8 9 2 53
8 9 3 59
8 9 4 68
8 9 5 24
8 9 6 26
8 9 7 38
8 9 8 66
8 10 1 52
8 10 2 58
8 10 3 62
8 10 4 67
8 10 5 25
8 10 6 37
8 10 7 47
8 10 8 67
8 11 1 34
8 11 2 45
8 11 3 54
8 11 4 69
8 11 5 23
8 11 6 36
8 11 7 27
8 11 8 65
8 12 1 54
8 12 2 23
8 12 3 36
8 12 4 65
8 12 5 27
8 12 6 34
8 12 7 45
8 12 8 69
9 1 1 57
9 1 2 30
9 1 3 42
9 1 4 80
9 1 5 30
9 1 6 57
9 1 7 60
9 1 8 72
9 2 1 61
9 2 2 31
9 2 3 40
9 2 4 81
9 2 5 40
9 2 6 31
9 2 7 61
9 2 8 73
9 3 1 63
9 3 2 28
9 3 3 41
9 3 4 76
9 3 5 49
9 3 6 41
9 3 7 28
9 3 8 70
9 4 1 33
9 4 2 33
9 4 3 39
9 4 4 77
9 4 5 50
9 4 6 50
9 4 7 39
9 4 8 75
9 5 1 43
9 5 2 29
9 5 3 43
9 5 4 78
9 5 5 48
9 5 6 56
9 5 7 48
9 5 8 71
9 6 1 51
9 6 2 32
9 6 3 32
9 6 4 79
9 6 5 51
9 6 6 55
9 6 7 55
9 6 8 74
9 7 1 59
9 7 2 24
9 7 3 26
9 7 4 68
9 7 5 38
9 7 6 44
9 7 7 53
9 7 8 66
9 8 1 24
9 8 2 26
9 8 3 38
9 8 4 66
9 8 5 44
9 8 6 53
9 8 7 59
9 8 8 68
9 9 1 46
9 9 2 22
9 9 3 35
9 9 4 64
9 9 5 46
9 9 6 22
9 9 7 35
9 9 8 64
9 10 1 54
9 10 2 23
9 10 3 36
9 10 4 69
9 10 5 27
9 10 6 34
9 10 7 45
9 10 8 65
9 11 1 36
9 11 2 27
9 11 3 34
9 11 4 65
9 11 5 45
9 11 6 54
9 11 7 23
9 11 8 69
9 12 1 62
9 12 2 25
9 12 3 37
9 12 4 67
9 12 5 47
9 12 6 52
9 12 7 58
9 12 8 67
10 1 1 31
10 1 2 40
10 1 3 40
10 1 4 81
10 1 5 31
10 1 6 61
10 1 7 61
10 1 8 73
10 2 1 28
10 2 2 41
10 2 3 49
10 2 4 76
10 2 5 41
10 2 6 28
10 2 7 63
10 2 8 70
10 3 1 33
10 3 2 39
10 3 3 50
10 3 4 77
10 3 5 50
10 3 6 39
10 3 7 33
10 3 8 75
10 4 1 29
10 4 2 43
10 4 3 48
10 4 4 78
10 4 5 56
10 4 6 48
10 4 7 43
10 4 8 71
10 5 1 32
10 5 2 32
10 5 3 51
10 5 4 79
10 5 5 55
10 5 6 55
10 5 7 51
10 5 8 74
10 6 1 30
10 6 2 42
10 6 3 30
10 6 4 80
10 6 5 57
10 6 6 60
10 6 7 57
10 6 8 72
10 7 1 23
10 7 2 36
10 7 3 27
10 7 4 69
10 7 5 34
10 7 6 45
10 7 7 54
10 7 8 65
10 8 1 25
10 8 2 37
10 8 3 47
10 8 4 67
10 8 5 52
10 8 6 58
10 8 7 62
10 8 8 67
10 9 1 27
10 9 2 34
10 9 3 45
10 9 4 65
10 9 5 54
10 9 6 23
10 9 7 36
10 9 8 69
10 10 1 22
10 10 2 35
10 10 3 46
10 10 4 64
10 10 5 22
10 10 6 35
10 10 7 46
10 10 8 64
10 11 1 26
10 11 2 38
10 11 3 44
10 11 4 66
10 11 5 53
10 11 6 59
10 11 7 24
10 11 8 68
10 12 1 24
10 12 2 26
10 12 3 38
10 12 4 68
10 12 5 44
10 12 6 53
10 12 7 59
10 12 8 66
11 1 1 55
11 1 2 51
11 1 3 32
11 1 4 79
11 1 5 32
11 1 6 51
11 1 7 55
11 1 8 74
11 2 1 60
11 2 2 57
11 2 3 30
11 2 4 80
11 2 5 42
11 2 6 30
11 2 7 57
11 2 8 72
11 3 1 61
11 3 2 61
11 3 3 31
11 3 4 81
11 3 5 40
11 3 6 40
11 3 7 31
11 3 8 73
11 4 1 28
11 4 2 63
11 4 3 28
11 4 4 76
11 4 5 41
11 4 6 49
11 4 7 41
11 4 8 70
11 5 1 39
11 5 2 33
11 5 3 33
11 5 4 77
11 5 5 39
11 5 6 50
11 5 7 50
11 5 8 75
11 6 1 48
11 6 2 43
11 6 3 29
11 6 4 78
11 6 5 43
11 6 6 48
11 6 7 56
11 6 8 71
11 7 1 58
11 7 2 62
11 7 3 25
11 7 4 67
11 7 5 37
11 7 6 47
11 7 7 52
11 7 8 67
11 8 1 23
11 8 2 36
11 8 3 27
11 8 4 65
11 8 5 34
11 8 6 45
11 8 7 54
11 8 8 69
11 9 1 45
11 9 2 54
11 9 3 23
11 9 4 69
11 9 5 36
11 9 6 27
11 9 7 34
11 9 8 65
11 10 1 53
11 10 2 59
11 10 3 24
11 10 4 68
11 10 5 26
11 10 6 38
11 10 7 44
11 10 8 66
11 11 1 35
11 11 2 46
11 11 3 22
11 11 4 64
11 11 5 35
11 11 6 46
11 11 7 22
11 11 8 64
11 12 1 59
11 12 2 24
11 12 3 26
11 12 4 66
11 12 5 38
11 12 6 44
11 12 7 53
11 12 8 68
12 1 1 50
12 1 2 50
12 1 3 39
12 1 4 77
12 1 5 33
12 1 6 33
12 1 7 39
12 1 8 75
12 2 1 48
12 2 2 56
12 2 3 48
12 2 4 78
12 2 5 43
12 2 6 29
12 2 7 43
12 2 8 71
12 3 1 51
12 3 2 55
12 3 3 55
12 3 4 79
12 3 5 51
12 3 6 32
12 3 7 32
12 3 8 74
12 4 1 30
12 4 2 57
12 4 3 60
12 4 4 80
12 4 5 57
12 4 6 30
12 4 7 42
12 4 8 72
12 5 1 40
12 5 2 31
12 5 3 61
12 5 4 81
12 5 5 61
12 5 6 31
12 5 7 40
12 5 8 73
12 6 1 49
12 6 2 41
12 6 3 28
12 6 4 76
12 6 5 63
12 6 6 28
12 6 7 41
12 6 8 70
12 7 1 45
12 7 2 54
12 7 3 23
12 7 4 65
12 7 5 36
12 7 6 27
12 7 7 34
12 7 8 69
12 8 1 27
12 8 2 34
12 8 3 45
12 8 4 69
12 8 5 54
12 8 6 23
12 8 7 36
12 8 8 65
12 9 1 47
12 9 2 52
12 9 3 58
12 9 4 67
12 9 5 62
12 9 6 25
12 9 7 37
12 9 8 67
12 10 1 44
12 10 2 53
12 10 3 59
12 10 4 66
12 10 5 24
12 10 6 26
12 10 7 38
12 10 8 68
12 11 1 38
12 11 2 44
12 11 3 53
12 11 4 68
12 11 5 59
12 11 6 24
12 11 7 26
12 11 8 66
12 12 1 46
12 12 2 22
12 12 3 35
12 12 4 64
12 12 5 46
12 12 6 22
12 12 7 35
12 12 8 64
#END