0 0 0 0
1 1 0 1
2 2 0 2
3 3 0 3
4 4 0 4
5 5 0 5
6 6 0 6
7 7 0 7
8 8 0 8
9 9 0 9
10 10 0 10
11 11 0 11
12 12 0 12
13 13 0 13
14 14 0 14
15 15 0 15
16 16 0 16
17 17 0 17
18 18 0 18
19 19 0 19
20 20 0 20
21 21 0 21
22 22 0 22
23 23 0 23
24 24 0 24
0 0 1 25
0 0 2 25
0 0 3 25
0 0 4 25
0 0 5 25
0 0 6 25
0 0 7 25
0 0 8 25
1 0 1 26
2 0 1 27
3 0 1 28
4 0 1 29
5 0 1 30
6 0 1 31
7 0 1 27
8 0 1 29
9 0 1 31
10 0 1 26
11 0 1 30
12 0 1 28
1 0 2 31
2 0 2 26
3 0 2 27
4 0 2 28
5 0 2 29
6 0 2 30
7 0 2 28
8 0 2 30
9 0 2 26
10 0 2 27
11 0 2 31
12 0 2 29
1 0 3 30
2 0 3 31
3 0 3 26
4 0 3 27
5 0 3 28
6 0 3 29
7 0 3 29
8 0 3 31
9 0 3 27
10 0 3 28
11 0 3 26
12 0 3 30
1 0 4 32
2 0 4 32
3 0 4 32
4 0 4 32
5 0 4 32
6 0 4 32
7 0 4 33
8 0 4 33
9 0 4 33
10 0 4 33
11 0 4 33
12 0 4 33
1 0 5 29
2 0 5 30
3 0 5 31
4 0 5 26
5 0 5 27
6 0 5 28
7 0 5 30
8 0 5 26
9 0 5 28
10 0 5 29
11 0 5 27
12 0 5 31
1 0 6 28
2 0 6 29
3 0 6 30
4 0 6 31
5 0 6 26
6 0 6 27
7 0 6 31
8 0 6 27
9 0 6 29
10 0 6 30
11 0 6 28
12 0 6 26
1 0 7 27
2 0 7 28
3 0 7 29
4 0 7 30
5 0 7 31
6 0 7 26
7 0 7 26
8 0 7 28
9 0 7 30
10 0 7 31
11 0 7 29
12 0 7 27
1 0 8 33
2 0 8 33
3 0 8 33
4 0 8 33
5 0 8 33
6 0 8 33
7 0 8 32
8 0 8 32
9 0 8 32
10 0 8 32
11 0 8 32
12 0 8 32
0 1 1 29
0 2 1 30
0 3 1 31
0 4 1 26
0 5 1 27
0 6 1 28
0 7 1 30
0 8 1 26
0 9 1 28
0 10 1 29
0 11 1 27
0 12 1 31
0 1 2 28
0 2 2 29
0 3 2 30
0 4 2 31
0 5 2 26
0 6 2 27
0 7 2 31
0 8 2 27
0 9 2 29
0 10 2 30
0 11 2 28
0 12 2 26
0 1 3 27
0 2 3 28
0 3 3 29
0 4 3 30
0 5 3 31
0 6 3 26
0 7 3 26
0 8 3 28
0 9 3 30
0 10 3 31
0 11 3 29
0 12 3 27
0 1 4 33
0 2 4 33
0 3 4 33
0 4 4 33
0 5 4 33
0 6 4 33
0 7 4 32
0 8 4 32
0 9 4 32
0 10 4 32
0 11 4 32
0 12 4 32
0 1 5 26
0 2 5 27
0 3 5 28
0 4 5 29
0 5 5 30
0 6 5 31
0 7 5 27
0 8 5 29
0 9 5 31
0 10 5 26
0 11 5 30
0 12 5 28
0 1 6 31
0 2 6 26
0 3 6 27
0 4 6 28
0 5 6 29
0 6 6 30
0 7 6 28
0 8 6 30
0 9 6 26
0 10 6 27
0 11 6 31
0 12 6 29
0 1 7 30
0 2 7 31
0 3 7 26
0 4 7 27
0 5 7 28
0 6 7 29
0 7 7 29
0 8 7 31
0 9 7 27
0 10 7 28
0 11 7 26
0 12 7 30
0 1 8 32
0 2 8 32
0 3 8 32
0 4 8 32
0 5 8 32
0 6 8 32
0 7 8 33
0 8 8 33
0 9 8 33
0 10 8 33
0 11 8 33
0 12 8 33
13 0 1 34
14 0 1 35
15 0 1 36
16 0 1 37
17 0 1 38
18 0 1 39
19 0 1 35
20 0 1 37
21 0 1 39
22 0 1 34
23 0 1 38
24 0 1 36
13 0 2 39
14 0 2 34
15 0 2 35
16 0 2 36
17 0 2 37
18 0 2 38
19 0 2 36
20 0 2 38
21 0 2 34
22 0 2 35
23 0 2 39
24 0 2 37
13 0 3 38
14 0 3 39
15 0 3 34
16 0 3 35
17 0 3 36
18 0 3 37
19 0 3 37
20 0 3 39
21 0 3 35
22 0 3 36
23 0 3 34
24 0 3 38
13 0 4 40
14 0 4 40
15 0 4 40
16 0 4 40
17 0 4 40
18 0 4 40
19 0 4 41
20 0 4 41
21 0 4 41
22 0 4 41
23 0 4 41
24 0 4 41
13 0 5 37
14 0 5 38
15 0 5 39
16 0 5 34
17 0 5 35
18 0 5 36
19 0 5 38
20 0 5 34
21 0 5 36
22 0 5 37
23 0 5 35
24 0 5 39
13 0 6 36
14 0 6 37
15 0 6 38
16 0 6 39
17 0 6 34
18 0 6 35
19 0 6 39
20 0 6 35
21 0 6 37
22 0 6 38
23 0 6 36
24 0 6 34
13 0 7 35
14 0 7 36
15 0 7 37
16 0 7 38
17 0 7 39
18 0 7 34
19 0 7 34
20 0 7 36
21 0 7 38
22 0 7 39
23 0 7 37
24 0 7 35
13 0 8 41
14 0 8 41
15 0 8 41
16 0 8 41
17 0 8 41
18 0 8 41
19 0 8 40
20 0 8 40
21 0 8 40
22 0 8 40
23 0 8 40
24 0 8 40
0 13 1 37
0 14 1 38
0 15 1 39
0 16 1 34
0 17 1 35
0 18 1 36
0 19 1 38
0 20 1 34
0 21 1 36
0 22 1 37
0 23 1 35
0 24 1 39
0 13 2 36
0 14 2 37
0 15 2 38
0 16 2 39
0 17 2 34
0 18 2 35
0 19 2 39
0 20 2 35
0 21 2 37
0 22 2 38
0 23 2 36
0 24 2 34
0 13 3 35
0 14 3 36
0 15 3 37
0 16 3 38
0 17 3 39
0 18 3 34
0 19 3 34
0 20 3 36
0 21 3 38
0 22 3 39
0 23 3 37
0 24 3 35
0 13 4 41
0 14 4 41
0 15 4 41
0 16 4 41
0 17 4 41
0 18 4 41
0 19 4 40
0 20 4 40
0 21 4 40
0 22 4 40
0 23 4 40
0 24 4 40
0 13 5 34
0 14 5 35
0 15 5 36
0 16 5 37
0 17 5 38
0 18 5 39
0 19 5 35
0 20 5 37
0 21 5 39
0 22 5 34
0 23 5 38
0 24 5 36
0 13 6 39
0 14 6 34
0 15 6 35
0 16 6 36
0 17 6 37
0 18 6 38
0 19 6 36
0 20 6 38
0 21 6 34
0 22 6 35
0 23 6 39
0 24 6 37
0 13 7 38
0 14 7 39
0 15 7 34
0 16 7 35
0 17 7 36
0 18 7 37
0 19 7 37
0 20 7 39
0 21 7 35
0 22 7 36
0 23 7 34
0 24 7 38
0 13 8 40
0 14 8 40
0 15 8 40
0 16 8 40
0 17 8 40
0 18 8 40
0 19 8 41
0 20 8 41
0 21 8 41
0 22 8 41
0 23 8 41
0 24 8 41
1 1 1 42
1 1 2 66
1 1 3 55
1 1 4 84
1 1 5 42
1 1 6 66
1 1 7 55
1 1 8 84
1 2 1 43
1 2 2 74
1 2 3 65
1 2 4 85
1 2 5 54
1 2 6 47
1 2 7 56
1 2 8 89
1 3 1 44
1 3 2 79
1 3 3 73
1 3 4 86
1 3 5 64
1 3 6 58
1 3 7 46
1 3 8 88
1 4 1 45
1 4 2 82
1 4 3 78
1 4 4 87
1 4 5 72
1 4 6 67
1 4 7 57
1 4 8 87
1 5 1 46
1 5 2 44
1 5 3 79
1 5 4 88
1 5 5 73
1 5 6 64
1 5 7 58
1 5 8 86
1 6 1 47
1 6 2 56
1 6 3 43
1 6 4 89
1 6 5 74
1 6 6 65
1 6 7 54
1 6 8 85
1 7 1 48
1 7 2 83
1 7 3 48
1 7 4 90
1 7 5 61
1 7 6 69
1 7 7 61
1 7 8 96
1 8 1 49
1 8 2 63
1 8 3 68
1 8 4 91
1 8 5 76
1 8 6 68
1 8 7 63
1 8 8 98
1 9 1 50
1 9 2 77
1 9 3 80
1 9 4 92
1 9 5 77
1 9 6 50
1 9 7 62
1 9 8 100
1 10 1 51
1 10 2 81
1 10 3 81
1 10 4 93
1 10 5 51
1 10 6 60
1 10 7 60
1 10 8 101
1 11 1 52
1 11 2 71
1 11 3 75
1 11 4 94
1 11 5 75
1 11 6 71
1 11 7 52
1 11 8 99
1 12 1 53
1 12 2 53
1 12 3 59
1 12 4 95
1 12 5 70
1 12 6 70
1 12 7 59
1 12 8 97
2 1 1 54
2 1 2 47
2 1 3 56
2 1 4 89
2 1 5 43
2 1 6 74
2 1 7 65
2 1 8 85
2 2 1 55
2 2 2 42
2 2 3 66
2 2 4 84
2 2 5 55
2 2 6 42
2 2 7 66
2 2 8 84
2 3 1 56
2 3 2 43
2 3 3 74
2 3 4 85
2 3 5 65
2 3 6 54
2 3 7 47
2 3 8 89
2 4 1 46
2 4 2 44
2 4 3 79
2 4 4 86
2 4 5 73
2 4 6 64
2 4 7 58
2 4 8 88
2 5 1 57
2 5 2 45
2 5 3 82
2 5 4 87
2 5 5 78
2 5 6 72
2 5 7 67
2 5 8 87
2 6 1 58
2 6 2 46
2 6 3 44
2 6 4 88
2 6 5 79
2 6 6 73
2 6 7 64
2 6 8 86
2 7 1 59
2 7 2 53
2 7 3 53
2 7 4 95
2 7 5 59
2 7 6 70
2 7 7 70
2 7 8 97
2 8 1 52
2 8 2 52
2 8 3 71
2 8 4 94
2 8 5 75
2 8 6 75
2 8 7 71
2 8 8 99
2 9 1 60
2 9 2 51
2 9 3 81
2 9 4 93
2 9 5 81
2 9 6 51
2 9 7 60
2 9 8 101
2 10 1 61
2 10 2 48
2 10 3 83
2 10 4 90
2 10 5 48
2 10 6 61
2 10 7 69
2 10 8 96
2 11 1 62
2 11 2 50
2 11 3 77
2 11 4 92
2 11 5 80
2 11 6 77
2 11 7 50
2 11 8 100
2 12 1 63
2 12 2 49
2 12 3 63
2 12 4 91
2 12 5 68
2 12 6 76
2 12 7 68
2 12 8 98
3 1 1 64
3 1 2 58
3 1 3 46
3 1 4 88
3 1 5 44
3 1 6 79
3 1 7 73
3 1 8 86
3 2 1 65
3 2 2 54
3 2 3 47
3 2 4 89
3 2 5 56
3 2 6 43
3 2 7 74
3 2 8 85
3 3 1 66
3 3 2 55
3 3 3 42
3 3 4 84
3 3 5 66
3 3 6 55
3 3 7 42
3 3 8 84
3 4 1 47
3 4 2 56
3 4 3 43
3 4 4 85
3 4 5 74
3 4 6 65
3 4 7 54
3 4 8 89
3 5 1 58
3 5 2 46
3 5 3 44
3 5 4 86
3 5 5 79
3 5 6 73
3 5 7 64
3 5 8 88
3 6 1 67
3 6 2 57
3 6 3 45
3 6 4 87
3 6 5 82
3 6 6 78
3 6 7 72
3 6 8 87
3 7 1 68
3 7 2 63
3 7 3 49
3 7 4 91
3 7 5 63
3 7 6 68
3 7 7 76
3 7 8 98
3 8 1 50
3 8 2 62
3 8 3 50
3 8 4 92
3 8 5 77
3 8 6 80
3 8 7 77
3 8 8 100
3 9 1 69
3 9 2 61
3 9 3 48
3 9 4 90
3 9 5 83
3 9 6 48
3 9 7 61
3 9 8 96
3 10 1 70
3 10 2 59
3 10 3 53
3 10 4 95
3 10 5 53
3 10 6 59
3 10 7 70
3 10 8 97
3 11 1 60
3 11 2 60
3 11 3 51
3 11 4 93
3 11 5 81
3 11 6 81
3 11 7 51
3 11 8 101
3 12 1 71
3 12 2 52
3 12 3 52
3 12 4 94
3 12 5 71
3 12 6 75
3 12 7 75
3 12 8 99
4 1 1 72
4 1 2 67
4 1 3 57
4 1 4 87
4 1 5 45
4 1 6 82
4 1 7 78
4 1 8 87
4 2 1 73
4 2 2 64
4 2 3 58
4 2 4 88
4 2 5 46
4 2 6 44
4 2 7 79
4 2 8 86
4 3 1 74
4 3 2 65
4 3 3 54
4 3 4 89
4 3 5 47
4 3 6 56
4 3 7 43
4 3 8 85
4 4 1 42
4 4 2 66
4 4 3 55
4 4 4 84
4 4 5 42
4 4 6 66
4 4 7 55
4 4 8 84
4 5 1 54
4 5 2 47
4 5 3 56
4 5 4 85
4 5 5 43
4 5 6 74
4 5 7 65
4 5 8 89
4 6 1 64
4 6 2 58
4 6 3 46
4 6 4 86
4 6 5 44
4 6 6 79
4 6 7 73
4 6 8 88
4 7 1 75
4 7 2 71
4 7 3 52
4 7 4 94
4 7 5 52
4 7 6 71
4 7 7 75
4 7 8 99
4 8 1 51
4 8 2 60
4 8 3 60
4 8 4 93
4 8 5 51
4 8 6 81
4 8 7 81
4 8 8 101
4 9 1 70
4 9 2 70
4 9 3 59
4 9 4 95
4 9 5 53
4 9 6 53
4 9 7 59
4 9 8 97
4 10 1 76
4 10 2 68
4 10 3 63
4 10 4 91
4 10 5 49
4 10 6 63
4 10 7 68
4 10 8 98
4 11 1 61
4 11 2 69
4 11 3 61
4 11 4 90
4 11 5 48
4 11 6 83
4 11 7 48
4 11 8 96
4 12 1 77
4 12 2 50
4 12 3 62
4 12 4 92
4 12 5 50
4 12 6 77
4 12 7 80
4 12 8 100
5 1 1 73
5 1 2 64
5 1 3 58
5 1 4 86
5 1 5 46
5 1 6 44
5 1 7 79
5 1 8 88
5 2 1 78
5 2 2 72
5 2 3 67
5 2 4 87
5 2 5 57
5 2 6 45
5 2 7 82
5 2 8 87
5 3 1 79
5 3 2 73
5 3 3 64
5 3 4 88
5 3 5 58
5 3 6 46
5 3 7 44
5 3 8 86
5 4 1 43
5 4 2 74
5 4 3 65
5 4 4 89
5 4 5 54
5 4 6 47
5 4 7 56
5 4 8 85
5 5 1 55
5 5 2 42
5 5 3 66
5 5 4 84
5 5 5 55
5 5 6 42
5 5 7 66
5 5 8 84
5 6 1 65
5 6 2 54
5 6 3 47
5 6 4 85
5 6 5 56
5 6 6 43
5 6 7 74
5 6 8 89
5 7 1 80
5 7 2 77
5 7 3 50
5 7 4 92
5 7 5 62
5 7 6 50
5 7 7 77
5 7 8 100
5 8 1 48
5 8 2 61
5 8 3 69
5 8 4 90
5 8 5 61
5 8 6 48
5 8 7 83
5 8 8 96
5 9 1 68
5 9 2 76
5 9 3 68
5 9 4 91
5 9 5 63
5 9 6 49
5 9 7 63
5 9 8 98
5 10 1 75
5 10 2 75
5 10 3 71
5 10 4 94
5 10 5 52
5 10 6 52
5 10 7 71
5 10 8 99
5 11 1 59
5 11 2 70
5 11 3 70
5 11 4 95
5 11 5 59
5 11 6 53
5 11 7 53
5 11 8 97
5 12 1 81
5 12 2 51
5 12 3 60
5 12 4 93
5 12 5 60
5 12 6 51
5 12 7 81
5 12 8 101
6 1 1 74
6 1 2 65
6 1 3 54
6 1 4 85
6 1 5 47
6 1 6 56
6 1 7 43
6 1 8 89
6 2 1 79
6 2 2 73
6 2 3 64
6 2 4 86
6 2 5 58
6 2 6 46
6 2 7 44
6 2 8 88
6 3 1 82
6 3 2 78
6 3 3 72
6 3 4 87
6 3 5 67
6 3 6 57
6 3 7 45
6 3 8 87
6 4 1 44
6 4 2 79
6 4 3 73
6 4 4 88
6 4 5 64
6 4 6 58
6 4 7 46
6 4 8 86
6 5 1 56
6 5 2 43
6 5 3 74
6 5 4 89
6 5 5 65
6 5 6 54
6 5 7 47
6 5 8 85
6 6 1 66
6 6 2 55
6 6 3 42
6 6 4 84
6 6 5 66
6 6 6 55
6 6 7 42
6 6 8 84
6 7 1 81
6 7 2 81
6 7 3 51
6 7 4 93
6 7 5 60
6 7 6 60
6 7 7 51
6 7 8 101
6 8 1 53
6 8 2 59
6 8 3 70
6 8 4 95
6 8 5 70
6 8 6 59
6 8 7 53
6 8 8 97
6 9 1 71
6 9 2 75
6 9 3 75
6 9 4 94
6 9 5 71
6 9 6 52
6 9 7 52
6 9 8 99
6 10 1 77
6 10 2 80
6 10 3 77
6 10 4 92
6 10 5 50
6 10 6 62
6 10 7 50
6 10 8 100
6 11 1 63
6 11 2 68
6 11 3 76
6 11 4 91
6 11 5 68
6 11 6 63
6 11 7 49
6 11 8 98
6 12 1 83
6 12 2 48
6 12 3 61
6 12 4 90
6 12 5 69
6 12 6 61
6 12 7 48
6 12 8 96
7 1 1 61
7 1 2 69
7 1 3 61
7 1 4 96
7 1 5 48
7 1 6 83
7 1 7 48
7 1 8 90
7 2 1 59
7 2 2 70
7 2 3 70
7 2 4 97
7 2 5 59
7 2 6 53
7 2 7 53
7 2 8 95
7 3 1 63
7 3 2 68
7 3 3 76
7 3 4 98
7 3 5 68
7 3 6 63
7 3 7 49
7 3 8 91
7 4 1 52
7 4 2 71
7 4 3 75
7 4 4 99
7 4 5 75
7 4 6 71
7 4 7 52
7 4 8 94
7 5 1 62
7 5 2 50
7 5 3 77
7 5 4 100
7 5 5 80
7 5 6 77
7 5 7 50
7 5 8 92
7 6 1 60
7 6 2 60
7 6 3 51
7 6 4 101
7 6 5 81
7 6 6 81
7 6 7 51
7 6 8 93
7 7 1 55
7 7 2 66
7 7 3 42
7 7 4 84
7 7 5 55
7 7 6 66
7 7 7 42
7 7 8 84
7 8 1 46
7 8 2 58
7 8 3 64
7 8 4 88
7 8 5 73
7 8 6 79
7 8 7 44
7 8 8 86
7 9 1 58
7 9 2 64
7 9 3 73
7 9 4 86
7 9 5 79
7 9 6 44
7 9 7 46
7 9 8 88
7 10 1 54
7 10 2 65
7 10 3 74
7 10 4 85
7 10 5 43
7 10 6 56
7 10 7 47
7 10 8 89
7 11 1 57
7 11 2 67
7 11 3 72
7 11 4 87
7 11 5 78
7 11 6 82
7 11 7 45
7 11 8 87
7 12 1 56
7 12 2 47
7 12 3 54
7 12 4 89
7 12 5 65
7 12 6 74
7 12 7 43
7 12 8 85
8 1 1 76
8 1 2 68
8 1 3 63
8 1 4 98
8 1 5 49
8 1 6 63
8 1 7 68
8 1 8 91
8 2 1 75
8 2 2 75
8 2 3 71
8 2 4 99
8 2 5 52
8 2 6 52
8 2 7 71
8 2 8 94
8 3 1 77
8 3 2 80
8 3 3 77
8 3 4 100
8 3 5 50
8 3 6 62
8 3 7 50
8 3 8 92
8 4 1 51
8 4 2 81
8 4 3 81
8 4 4 101
8 4 5 51
8 4 6 60
8 4 7 60
8 4 8 93
8 5 1 61
8 5 2 48
8 5 3 83
8 5 4 96
8 5 5 48
8 5 6 61
8 5 7 69
8 5 8 90
8 6 1 70
8 6 2 59
8 6 3 53
8 6 4 97
8 6 5 53
8 6 6 59
8 6 7 70
8 6 8 95
8 7 1 73
8 7 2 79
8 7 3 44
8 7 4 86
8 7 5 46
8 7 6 58
8 7 7 64
8 7 8 88
8 8 1 42
8 8 2 55
8 8 3 66
8 8 4 84
8 8 5 42
8 8 6 55
8 8 7 66
8 8 8 84
8 9 1 64
8 9 2 73
8 9 3 79
8 9 4 88
8 9 5 44
8 9 6 46
8 9 7 58
8 9 8 86
8 10 1 72
8 10 2 78
8 10 3 82
8 10 4 87
8 10 5 45
8 10 6 57
8 10 7 67
8 10 8 87
8 11 1 54
8 11 2 65
8 11 3 74
8 11 4 89
8 11 5 43
8 11 6 56
8 11 7 47
8 11 8 85
8 12 1 74
8 12 2 43
8 12 3 56
8 12 4 85
8 12 5 47
8 12 6 54
8 12 7 65
8 12 8 89
9 1 1 77
9 1 2 50
9 1 3 62
9 1 4 100
9 1 5 50
9 1 6 77
9 1 7 80
9 1 8 92
9 2 1 81
9 2 2 51
9 2 3 60
9 2 4 101
9 2 5 60
9 2 6 51
9 2 7 81
9 2 8 93
9 3 1 83
9 3 2 48
9 3 3 61
9 3 4 96
9 3 5 69
9 3 6 61
9 3 7 48
9 3 8 90
9 4 1 53
9 4 2 53
9 4 3 59
9 4 4 97
9 4 5 70
9 4 6 70
9 4 7 59
9 4 8 95
9 5 1 63
9 5 2 49
9 5 3 63
9 5 4 98
9 5 5 68
9 5 6 76
9 5 7 68
9 5 8 91
9 6 1 71
9 6 2 52
9 6 3 52
9 6 4 99
9 6 5 71
9 6 6 75
9 6 7 75
9 6 8 94
9 7 1 79
9 7 2 44
9 7 3 46
9 7 4 88
9 7 5 58
9 7 6 64
9 7 7 73
9 7 8 86
9 8 1 44
9 8 2 46
9 8 3 58
9 8 4 86
9 8 5 64
9 8 6 73
9 8 7 79
9 8 8 88
9 9 1 66
9 9 2 42
9 9 3 55
9 9 4 84
9 9 5 66
9 9 6 42
9 9 7 55
9 9 8 84
9 10 1 74
9 10 2 43
9 10 3 56
9 10 4 89
9 10 5 47
9 10 6 54
9 10 7 65
9 10 8 85
9 11 1 56
9 11 2 47
9 11 3 54
9 11 4 85
9 11 5 65
9 11 6 74
9 11 7 43
9 11 8 89
9 12 1 82
9 12 2 45
9 12 3 57
9 12 4 87
9 12 5 67
9 12 6 72
9 12 7 78
9 12 8 87
10 1 1 51
10 1 2 60
10 1 3 60
10 1 4 101
10 1 5 51
10 1 6 81
10 1 7 81
10 1 8 93
10 2 1 48
10 2 2 61
10 2 3 69
10 2 4 96
10 2 5 61
10 2 6 48
10 2 7 83
10 2 8 90
10 3 1 53
10 3 2 59
10 3 3 70
10 3 4 97
10 3 5 70
10 3 6 59
10 3 7 53
10 3 8 95
10 4 1 49
10 4 2 63
10 4 3 68
10 4 4 98
10 4 5 76
10 4 6 68
10 4 7 63
10 4 8 91
10 5 1 52
10 5 2 52
10 5 3 71
10 5 4 99
10 5 5 75
10 5 6 75
10 5 7 71
10 5 8 94
10 6 1 50
10 6 2 62
10 6 3 50
10 6 4 100
10 6 5 77
10 6 6 80
10 6 7 77
10 6 8 92
10 7 1 43
10 7 2 56
10 7 3 47
10 7 4 89
10 7 5 54
10 7 6 65
10 7 7 74
10 7 8 85
10 8 1 45
10 8 2 57
10 8 3 67
10 8 4 87
10 8 5 72
10 8 6 78
10 8 7 82
10 8 8 87
10 9 1 47
10 9 2 54
10 9 3 65
10 9 4 85
10 9 5 74
10 9 6 43
10 9 7 56
10 9 8 89
10 10 1 42
10 10 2 55
10 10 3 66
10 10 4 84
10 10 5 42
10 10 6 55
10 10 7 66
10 10 8 84
10 11 1 46
10 11 2 58
10 11 3 64
10 11 4 86
10 11 5 73
10 11 6 79
10 11 7 44
10 11 8 88
10 12 1 44
10 12 2 46
10 12 3 58
10 12 4 88
10 12 5 64
10 12 6 73
10 12 7 79
10 12 8 86
11 1 1 75
11 1 2 71
11 1 3 52
11 1 4 99
11 1 5 52
11 1 6 71
11 1 7 75
11 1 8 94
11 2 1 80
11 2 2 77
11 2 3 50
11 2 4 100
11 2 5 62
11 2 6 50
11 2 7 77
11 2 8 92
11 3 1 81
11 3 2 81
11 3 3 51
11 3 4 101
11 3 5 60
11 3 6 60
11 3 7 51
11 3 8 93
11 4 1 48
11 4 2 83
11 4 3 48
11 4 4 96
11 4 5 61
11 4 6 69
11 4 7 61
11 4 8 90
11 5 1 59
11 5 2 53
11 5 3 53
11 5 4 97
11 5 5 59
11 5 6 70
11 5 7 70
11 5 8 95
11 6 1 68
11 6 2 63
11 6 3 49
11 6 4 98
11 6 5 63
11 6 6 68
11 6 7 76
11 6 8 91
11 7 1 78
11 7 2 82
11 7 3 45
11 7 4 87
11 7 5 57
11 7 6 67
11 7 7 72
11 7 8 87
11 8 1 43
11 8 2 56
11 8 3 47
11 8 4 85
11 8 5 54
11 8 6 65
11 8 7 74
11 8 8 89
11 9 1 65
11 9 2 74
11 9 3 43
11 9 4 89
11 9 5 56
11 9 6 47
11 9 7 54
11 9 8 85
11 10 1 73
11 10 2 79
11 10 3 44
11 10 4 88
11 10 5 46
11 10 6 58
11 10 7 64
11 10 8 86
11 11 1 55
11 11 2 66
11 11 3 42
11 11 4 84
11 11 5 55
11 11 6 66
11 11 7 42
11 11 8 84
11 12 1 79
11 12 2 44
11 12 3 46
11 12 4 86
11 12 5 58
11 12 6 64
11 12 7 73
11 12 8 88
12 1 1 70
12 1 2 70
12 1 3 59
12 1 4 97
12 1 5 53
12 1 6 53
12 1 7 59
12 1 8 95
12 2 1 68
12 2 2 76
12 2 3 68
12 2 4 98
12 2 5 63
12 2 6 49
12 2 7 63
12 2 8 91
12 3 1 71
12 3 2 75
12 3 3 75
12 3 4 99
12 3 5 71
12 3 6 52
12 3 7 52
12 3 8 94
12 4 1 50
12 4 2 77
12 4 3 80
12 4 4 100
12 4 5 77
12 4 6 50
12 4 7 62
12 4 8 92
12 5 1 60
12 5 2 51
12 5 3 81
12 5 4 101
12 5 5 81
12 5 6 51
12 5 7 60
12 5 8 93
12 6 1 69
12 6 2 61
12 6 3 48
12 6 4 96
12 6 5 83
12 6 6 48
12 6 7 61
12 6 8 90
12 7 1 65
12 7 2 74
12 7 3 43
12 7 4 85
12 7 5 56
12 7 6 47
12 7 7 54
12 7 8 89
12 8 1 47
12 8 2 54
12 8 3 65
12 8 4 89
12 8 5 74
12 8 6 43
12 8 7 56
12 8 8 85
12 9 1 67
12 9 2 72
12 9 3 78
12 9 4 87
12 9 5 82
12 9 6 45
12 9 7 57
12 9 8 87
12 10 1 64
12 10 2 73
12 10 3 79
12 10 4 86
12 10 5 44
12 10 6 46
12 10 7 58
12 10 8 88
12 11 1 58
12 11 2 64
12 11 3 73
12 11 4 88
12 11 5 79
12 11 6 44
12 11 7 46
12 11 8 86
12 12 1 66
12 12 2 42
12 12 3 55
12 12 4 84
12 12 5 66
12 12 6 42
12 12 7 55
12 12 8 84
1 13 1 102
1 13 2 182
1 13 3 173
1 13 4 144
1 13 5 162
1 13 6 126
1 13 7 115
1 13 8 192
1 14 1 103
1 14 2 187
1 14 3 181
1 14 4 145
1 14 5 172
1 14 6 166
1 14 7 116
1 14 8 197
1 15 1 104
1 15 2 190
1 15 3 186
1 15 4 146
1 15 5 180
1 15 6 175
1 15 7 165
1 15 8 196
1 16 1 105
1 16 2 142
1 16 3 138
1 16 4 147
1 16 5 132
1 16 6 127
1 16 7 117
1 16 8 195
1 17 1 106
1 17 2 164
1 17 3 139
1 17 4 148
1 17 5 133
1 17 6 124
1 17 7 118
1 17 8 194
1 18 1 107
1 18 2 174
1 18 3 163
1 18 4 149
1 18 5 134
1 18 6 125
1 18 7 114
1 18 8 193
1 19 1 108
1 19 2 143
1 19 3 167
1 19 4 150
1 19 5 178
1 19 6 129
1 19 7 121
1 19 8 156
1 20 1 109
1 20 2 179
1 20 3 183
1 20 4 151
1 20 5 136
1 20 6 128
1 20 7 123
1 20 8 158
1 21 1 110
1 21 2 189
1 21 3 140
1 21 4 152
1 21 5 137
1 21 6 168
1 21 7 122
1 21 8 160
1 22 1 111
1 22 2 191
1 22 3 141
1 22 4 153
1 22 5 169
1 22 6 177
1 22 7 120
1 22 8 161
1 23 1 112
1 23 2 185
1 23 3 188
1 23 4 154
1 23 5 135
1 23 6 131
1 23 7 170
1 23 8 159
1 24 1 113
1 24 2 171
1 24 3 176
1 24 4 155
1 24 5 184
1 24 6 130
1 24 7 119
1 24 8 157
2 13 1 114
2 13 2 107
2 13 3 174
2 13 4 149
2 13 5 163
2 13 6 134
2 13 7 125
2 13 8 193
2 14 1 115
2 14 2 102
2 14 3 182
2 14 4 144
2 14 5 173
2 14 6 162
2 14 7 126
2 14 8 192
2 15 1 116
2 15 2 103
2 15 3 187
2 15 4 145
2 15 5 181
2 15 6 172
2 15 7 166
2 15 8 197
2 16 1 165
2 16 2 104
2 16 3 190
2 16 4 146
2 16 5 186
2 16 6 180
2 16 7 175
2 16 8 196
2 17 1 117
2 17 2 105
2 17 3 142
2 17 4 147
2 17 5 138
2 17 6 132
2 17 7 127
2 17 8 195
2 18 1 118
2 18 2 106
2 18 3 164
2 18 4 148
2 18 5 139
2 18 6 133
2 18 7 124
2 18 8 194
2 19 1 119
2 19 2 113
2 19 3 171
2 19 4 155
2 19 5 176
2 19 6 184
2 19 7 130
2 19 8 157
2 20 1 170
2 20 2 112
2 20 3 185
2 20 4 154
2 20 5 188
2 20 6 135
2 20 7 131
2 20 8 159
2 21 1 120
2 21 2 111
2 21 3 191
2 21 4 153
2 21 5 141
2 21 6 169
2 21 7 177
2 21 8 161
2 22 1 121
2 22 2 108
2 22 3 143
2 22 4 150
2 22 5 167
2 22 6 178
2 22 7 129
2 22 8 156
2 23 1 122
2 23 2 110
2 23 3 189
2 23 4 152
2 23 5 140
2 23 6 137
2 23 7 168
2 23 8 160
2 24 1 123
2 24 2 109
2 24 3 179
2 24 4 151
2 24 5 183
2 24 6 136
2 24 7 128
2 24 8 158
3 13 1 124
3 13 2 118
3 13 3 106
3 13 4 148
3 13 5 164
3 13 6 139
3 13 7 133
3 13 8 194
3 14 1 125
3 14 2 114
3 14 3 107
3 14 4 149
3 14 5 174
3 14 6 163
3 14 7 134
3 14 8 193
3 15 1 126
3 15 2 115
3 15 3 102
3 15 4 144
3 15 5 182
3 15 6 173
3 15 7 162
3 15 8 192
3 16 1 166
3 16 2 116
3 16 3 103
3 16 4 145
3 16 5 187
3 16 6 181
3 16 7 172
3 16 8 197
3 17 1 175
3 17 2 165
3 17 3 104
3 17 4 146
3 17 5 190
3 17 6 186
3 17 7 180
3 17 8 196
3 18 1 127
3 18 2 117
3 18 3 105
3 18 4 147
3 18 5 142
3 18 6 138
3 18 7 132
3 18 8 195
3 19 1 128
3 19 2 123
3 19 3 109
3 19 4 151
3 19 5 179
3 19 6 183
3 19 7 136
3 19 8 158
3 20 1 168
3 20 2 122
3 20 3 110
3 20 4 152
3 20 5 189
3 20 6 140
3 20 7 137
3 20 8 160
3 21 1 129
3 21 2 121
3 21 3 108
3 21 4 150
3 21 5 143
3 21 6 167
3 21 7 178
3 21 8 156
3 22 1 130
3 22 2 119
3 22 3 113
3 22 4 155
3 22 5 171
3 22 6 176
3 22 7 184
3 22 8 157
3 23 1 177
3 23 2 120
3 23 3 111
3 23 4 153
3 23 5 191
3 23 6 141
3 23 7 169
3 23 8 161
3 24 1 131
3 24 2 170
3 24 3 112
3 24 4 154
3 24 5 185
3 24 6 188
3 24 7 135
3 24 8 159
4 13 1 132
4 13 2 127
4 13 3 117
4 13 4 147
4 13 5 105
4 13 6 142
4 13 7 138
4 13 8 195
4 14 1 133
4 14 2 124
4 14 3 118
4 14 4 148
4 14 5 106
4 14 6 164
4 14 7 139
4 14 8 194
4 15 1 134
4 15 2 125
4 15 3 114
4 15 4 149
4 15 5 107
4 15 6 174
4 15 7 163
4 15 8 193
4 16 1 162
4 16 2 126
4 16 3 115
4 16 4 144
4 16 5 102
4 16 6 182
4 16 7 173
4 16 8 192
4 17 1 172
4 17 2 166
4 17 3 116
4 17 4 145
4 17 5 103
4 17 6 187
4 17 7 181
4 17 8 197
4 18 1 180
4 18 2 175
4 18 3 165
4 18 4 146
4 18 5 104
4 18 6 190
4 18 7 186
4 18 8 196
4 19 1 135
4 19 2 131
4 19 3 170
4 19 4 154
4 19 5 112
4 19 6 185
4 19 7 188
4 19 8 159
4 20 1 169
4 20 2 177
4 20 3 120
4 20 4 153
4 20 5 111
4 20 6 191
4 20 7 141
4 20 8 161
4 21 1 184
4 21 2 130
4 21 3 119
4 21 4 155
4 21 5 113
4 21 6 171
4 21 7 176
4 21 8 157
4 22 1 136
4 22 2 128
4 22 3 123
4 22 4 151
4 22 5 109
4 22 6 179
4 22 7 183
4 22 8 158
4 23 1 178
4 23 2 129
4 23 3 121
4 23 4 150
4 23 5 108
4 23 6 143
4 23 7 167
4 23 8 156
4 24 1 137
4 24 2 168
4 24 3 122
4 24 4 152
4 24 5 110
4 24 6 189
4 24 7 140
4 24 8 160
5 13 1 186
5 13 2 180
5 13 3 175
5 13 4 146
5 13 5 165
5 13 6 104
5 13 7 190
5 13 8 196
5 14 1 138
5 14 2 132
5 14 3 127
5 14 4 147
5 14 5 117
5 14 6 105
5 14 7 142
5 14 8 195
5 15 1 139
5 15 2 133
5 15 3 124
5 15 4 148
5 15 5 118
5 15 6 106
5 15 7 164
5 15 8 194
5 16 1 163
5 16 2 134
5 16 3 125
5 16 4 149
5 16 5 114
5 16 6 107
5 16 7 174
5 16 8 193
5 17 1 173
5 17 2 162
5 17 3 126
5 17 4 144
5 17 5 115
5 17 6 102
5 17 7 182
5 17 8 192
5 18 1 181
5 18 2 172
5 18 3 166
5 18 4 145
5 18 5 116
5 18 6 103
5 18 7 187
5 18 8 197
5 19 1 140
5 19 2 137
5 19 3 168
5 19 4 152
5 19 5 122
5 19 6 110
5 19 7 189
5 19 8 160
5 20 1 167
5 20 2 178
5 20 3 129
5 20 4 150
5 20 5 121
5 20 6 108
5 20 7 143
5 20 8 156
5 21 1 183
5 21 2 136
5 21 3 128
5 21 4 151
5 21 5 123
5 21 6 109
5 21 7 179
5 21 8 158
5 22 1 188
5 22 2 135
5 22 3 131
5 22 4 154
5 22 5 170
5 22 6 112
5 22 7 185
5 22 8 159
5 23 1 176
5 23 2 184
5 23 3 130
5 23 4 155
5 23 5 119
5 23 6 113
5 23 7 171
5 23 8 157
5 24 1 141
5 24 2 169
5 24 3 177
5 24 4 153
5 24 5 120
5 24 6 111
5 24 7 191
5 24 8 161
6 13 1 187
6 13 2 181
6 13 3 172
6 13 4 145
6 13 5 166
6 13 6 116
6 13 7 103
6 13 8 197
6 14 1 190
6 14 2 186
6 14 3 180
6 14 4 146
6 14 5 175
6 14 6 165
6 14 7 104
6 14 8 196
6 15 1 142
6 15 2 138
6 15 3 132
6 15 4 147
6 15 5 127
6 15 6 117
6 15 7 105
6 15 8 195
6 16 1 164
6 16 2 139
6 16 3 133
6 16 4 148
6 16 5 124
6 16 6 118
6 16 7 106
6 16 8 194
6 17 1 174
6 17 2 163
6 17 3 134
6 17 4 149
6 17 5 125
6 17 6 114
6 17 7 107
6 17 8 193
6 18 1 182
6 18 2 173
6 18 3 162
6 18 4 144
6 18 5 126
6 18 6 115
6 18 7 102
6 18 8 192
6 19 1 191
6 19 2 141
6 19 3 169
6 19 4 153
6 19 5 177
6 19 6 120
6 19 7 111
6 19 8 161
6 20 1 171
6 20 2 176
6 20 3 184
6 20 4 155
6 20 5 130
6 20 6 119
6 20 7 113
6 20 8 157
6 21 1 185
6 21 2 188
6 21 3 135
6 21 4 154
6 21 5 131
6 21 6 170
6 21 7 112
6 21 8 159
6 22 1 189
6 22 2 140
6 22 3 137
6 22 4 152
6 22 5 168
6 22 6 122
6 22 7 110
6 22 8 160
6 23 1 179
6 23 2 183
6 23 3 136
6 23 4 151
6 23 5 128
6 23 6 123
6 23 7 109
6 23 8 158
6 24 1 143
6 24 2 167
6 24 3 178
6 24 4 150
6 24 5 129
6 24 6 121
6 24 7 108
6 24 8 156
7 13 1 121
7 13 2 129
7 13 3 178
7 13 4 156
7 13 5 167
7 13 6 143
7 13 7 108
7 13 8 150
7 14 1 119
7 14 2 130
7 14 3 184
7 14 4 157
7 14 5 176
7 14 6 171
7 14 7 113
7 14 8 155
7 15 1 123
7 15 2 128
7 15 3 136
7 15 4 158
7 15 5 183
7 15 6 179
7 15 7 109
7 15 8 151
7 16 1 170
7 16 2 131
7 16 3 135
7 16 4 159
7 16 5 188
7 16 6 185
7 16 7 112
7 16 8 154
7 17 1 122
7 17 2 168
7 17 3 137
7 17 4 160
7 17 5 140
7 17 6 189
7 17 7 110
7 17 8 152
7 18 1 120
7 18 2 177
7 18 3 169
7 18 4 161
7 18 5 141
7 18 6 191
7 18 7 111
7 18 8 153
7 19 1 115
7 19 2 126
7 19 3 162
7 19 4 192
7 19 5 173
7 19 6 182
7 19 7 102
7 19 8 144
7 20 1 165
7 20 2 175
7 20 3 180
7 20 4 196
7 20 5 186
7 20 6 190
7 20 7 104
7 20 8 146
7 21 1 118
7 21 2 124
7 21 3 133
7 21 4 194
7 21 5 139
7 21 6 164
7 21 7 106
7 21 8 148
7 22 1 114
7 22 2 125
7 22 3 134
7 22 4 193
7 22 5 163
7 22 6 174
7 22 7 107
7 22 8 149
7 23 1 117
7 23 2 127
7 23 3 132
7 23 4 195
7 23 5 138
7 23 6 142
7 23 7 105
7 23 8 147
7 24 1 116
7 24 2 166
7 24 3 172
7 24 4 197
7 24 5 181
7 24 6 187
7 24 7 103
7 24 8 145
8 13 1 136
8 13 2 183
8 13 3 179
8 13 4 158
8 13 5 109
8 13 6 123
8 13 7 128
8 13 8 151
8 14 1 135
8 14 2 188
8 14 3 185
8 14 4 159
8 14 5 112
8 14 6 170
8 14 7 131
8 14 8 154
8 15 1 137
8 15 2 140
8 15 3 189
8 15 4 160
8 15 5 110
8 15 6 122
8 15 7 168
8 15 8 152
8 16 1 169
8 16 2 141
8 16 3 191
8 16 4 161
8 16 5 111
8 16 6 120
8 16 7 177
8 16 8 153
8 17 1 178
8 17 2 167
8 17 3 143
8 17 4 156
8 17 5 108
8 17 6 121
8 17 7 129
8 17 8 150
8 18 1 184
8 18 2 176
8 18 3 171
8 18 4 157
8 18 5 113
8 18 6 119
8 18 7 130
8 18 8 155
8 19 1 133
8 19 2 139
8 19 3 164
8 19 4 194
8 19 5 106
8 19 6 118
8 19 7 124
8 19 8 148
8 20 1 162
8 20 2 173
8 20 3 182
8 20 4 192
8 20 5 102
8 20 6 115
8 20 7 126
8 20 8 144
8 21 1 180
8 21 2 186
8 21 3 190
8 21 4 196
8 21 5 104
8 21 6 165
8 21 7 175
8 21 8 146
8 22 1 132
8 22 2 138
8 22 3 142
8 22 4 195
8 22 5 105
8 22 6 117
8 22 7 127
8 22 8 147
8 23 1 172
8 23 2 181
8 23 3 187
8 23 4 197
8 23 5 103
8 23 6 116
8 23 7 166
8 23 8 145
8 24 1 134
8 24 2 163
8 24 3 174
8 24 4 193
8 24 5 107
8 24 6 114
8 24 7 125
8 24 8 149
9 13 1 189
9 13 2 110
9 13 3 122
9 13 4 160
9 13 5 168
9 13 6 137
9 13 7 140
9 13 8 152
9 14 1 191
9 14 2 111
9 14 3 120
9 14 4 161
9 14 5 177
9 14 6 169
9 14 7 141
9 14 8 153
9 15 1 143
9 15 2 108
9 15 3 121
9 15 4 156
9 15 5 129
9 15 6 178
9 15 7 167
9 15 8 150
9 16 1 171
9 16 2 113
9 16 3 119
9 16 4 157
9 16 5 130
9 16 6 184
9 16 7 176
9 16 8 155
9 17 1 179
9 17 2 109
9 17 3 123
9 17 4 158
9 17 5 128
9 17 6 136
9 17 7 183
9 17 8 151
9 18 1 185
9 18 2 112
9 18 3 170
9 18 4 159
9 18 5 131
9 18 6 135
9 18 7 188
9 18 8 154
9 19 1 190
9 19 2 104
9 19 3 165
9 19 4 196
9 19 5 175
9 19 6 180
9 19 7 186
9 19 8 146
9 20 1 164
9 20 2 106
9 20 3 118
9 20 4 194
9 20 5 124
9 20 6 133
9 20 7 139
9 20 8 148
9 21 1 182
9 21 2 102
9 21 3 115
9 21 4 192
9 21 5 126
9 21 6 162
9 21 7 173
9 21 8 144
9 22 1 187
9 22 2 103
9 22 3 116
9 22 4 197
9 22 5 166
9 22 6 172
9 22 7 181
9 22 8 145
9 23 1 174
9 23 2 107
9 23 3 114
9 23 4 193
9 23 5 125
9 23 6 134
9 23 7 163
9 23 8 149
9 24 1 142
9 24 2 105
9 24 3 117
9 24 4 195
9 24 5 127
9 24 6 132
9 24 7 138
9 24 8 147
10 13 1 111
10 13 2 120
10 13 3 177
10 13 4 161
10 13 5 169
10 13 6 141
10 13 7 191
10 13 8 153
10 14 1 108
10 14 2 121
10 14 3 129
10 14 4 156
10 14 5 178
10 14 6 167
10 14 7 143
10 14 8 150
10 15 1 113
10 15 2 119
10 15 3 130
10 15 4 157
10 15 5 184
10 15 6 176
10 15 7 171
10 15 8 155
10 16 1 109
10 16 2 123
10 16 3 128
10 16 4 158
10 16 5 136
10 16 6 183
10 16 7 179
10 16 8 151
10 17 1 112
10 17 2 170
10 17 3 131
10 17 4 159
10 17 5 135
10 17 6 188
10 17 7 185
10 17 8 154
10 18 1 110
10 18 2 122
10 18 3 168
10 18 4 160
10 18 5 137
10 18 6 140
10 18 7 189
10 18 8 152
10 19 1 103
10 19 2 116
10 19 3 166
10 19 4 197
10 19 5 172
10 19 6 181
10 19 7 187
10 19 8 145
10 20 1 105
10 20 2 117
10 20 3 127
10 20 4 195
10 20 5 132
10 20 6 138
10 20 7 142
10 20 8 147
10 21 1 107
10 21 2 114
10 21 3 125
10 21 4 193
10 21 5 134
10 21 6 163
10 21 7 174
10 21 8 149
10 22 1 102
10 22 2 115
10 22 3 126
10 22 4 192
10 22 5 162
10 22 6 173
10 22 7 182
10 22 8 144
10 23 1 106
10 23 2 118
10 23 3 124
10 23 4 194
10 23 5 133
10 23 6 139
10 23 7 164
10 23 8 148
10 24 1 104
10 24 2 165
10 24 3 175
10 24 4 196
10 24 5 180
10 24 6 186
10 24 7 190
10 24 8 146
11 13 1 188
11 13 2 185
11 13 3 112
11 13 4 159
11 13 5 170
11 13 6 131
11 13 7 135
11 13 8 154
11 14 1 140
11 14 2 189
11 14 3 110
11 14 4 160
11 14 5 122
11 14 6 168
11 14 7 137
11 14 8 152
11 15 1 141
11 15 2 191
11 15 3 111
11 15 4 161
11 15 5 120
11 15 6 177
11 15 7 169
11 15 8 153
11 16 1 167
11 16 2 143
11 16 3 108
11 16 4 156
11 16 5 121
11 16 6 129
11 16 7 178
11 16 8 150
11 17 1 176
11 17 2 171
11 17 3 113
11 17 4 157
11 17 5 119
11 17 6 130
11 17 7 184
11 17 8 155
11 18 1 183
11 18 2 179
11 18 3 109
11 18 4 158
11 18 5 123
11 18 6 128
11 18 7 136
11 18 8 151
11 19 1 138
11 19 2 142
11 19 3 105
11 19 4 195
11 19 5 117
11 19 6 127
11 19 7 132
11 19 8 147
11 20 1 163
11 20 2 174
11 20 3 107
11 20 4 193
11 20 5 114
11 20 6 125
11 20 7 134
11 20 8 149
11 21 1 181
11 21 2 187
11 21 3 103
11 21 4 197
11 21 5 116
11 21 6 166
11 21 7 172
11 21 8 145
11 22 1 186
11 22 2 190
11 22 3 104
11 22 4 196
11 22 5 165
11 22 6 175
11 22 7 180
11 22 8 146
11 23 1 173
11 23 2 182
11 23 3 102
11 23 4 192
11 23 5 115
11 23 6 126
11 23 7 162
11 23 8 144
11 24 1 139
11 24 2 164
11 24 3 106
11 24 4 194
11 24 5 118
11 24 6 124
11 24 7 133
11 24 8 148
12 13 1 130
12 13 2 184
12 13 3 176
12 13 4 157
12 13 5 171
12 13 6 113
12 13 7 119
12 13 8 155
12 14 1 128
12 14 2 136
12 14 3 183
12 14 4 158
12 14 5 179
12 14 6 109
12 14 7 123
12 14 8 151
12 15 1 131
12 15 2 135
12 15 3 188
12 15 4 159
12 15 5 185
12 15 6 112
12 15 7 170
12 15 8 154
12 16 1 168
12 16 2 137
12 16 3 140
12 16 4 160
12 16 5 189
12 16 6 110
12 16 7 122
12 16 8 152
12 17 1 177
12 17 2 169
12 17 3 141
12 17 4 161
12 17 5 191
12 17 6 111
12 17 7 120
12 17 8 153
12 18 1 129
12 18 2 178
12 18 3 167
12 18 4 156
12 18 5 143
12 18 6 108
12 18 7 121
12 18 8 150
12 19 1 125
12 19 2 134
12 19 3 163
12 19 4 193
12 19 5 174
12 19 6 107
12 19 7 114
12 19 8 149
12 20 1 166
12 20 2 172
12 20 3 181
12 20 4 197
12 20 5 187
12 20 6 103
12 20 7 116
12 20 8 145
12 21 1 127
12 21 2 132
12 21 3 138
12 21 4 195
12 21 5 142
12 21 6 105
12 21 7 117
12 21 8 147
12 22 1 124
12 22 2 133
12 22 3 139
12 22 4 194
12 22 5 164
12 22 6 106
12 22 7 118
12 22 8 148
12 23 1 175
12 23 2 180
12 23 3 186
12 23 4 196
12 23 5 190
12 23 6 104
12 23 7 165
12 23 8 146
12 24 1 126
12 24 2 162
12 24 3 173
12 24 4 192
12 24 5 182
12 24 6 102
12 24 7 115
12 24 8 144
13 1 1 162
13 1 2 126
13 1 3 115
13 1 4 192
13 1 5 102
13 1 6 182
13 1 7 173
13 1 8 144
13 2 1 163
13 2 2 134
13 2 3 125
13 2 4 193
13 2 5 114
13 2 6 107
13 2 7 174
13 2 8 149
13 3 1 164
13 3 2 139
13 3 3 133
13 3 4 194
13 3 5 124
13 3 6 118
13 3 7 106
13 3 8 148
13 4 1 105
13 4 2 142
13 4 3 138
13 4 4 195
13 4 5 132
13 4 6 127
13 4 7 117
13 4 8 147
13 5 1 165
13 5 2 104
13 5 3 190
13 5 4 196
13 5 5 186
13 5 6 180
13 5 7 175
13 5 8 146
13 6 1 166
13 6 2 116
13 6 3 103
13 6 4 197
13 6 5 187
13 6 6 181
13 6 7 172
13 6 8 145
13 7 1 167
13 7 2 143
13 7 3 108
13 7 4 150
13 7 5 121
13 7 6 129
13 7 7 178
13 7 8 156
13 8 1 109
13 8 2 123
13 8 3 128
13 8 4 151
13 8 5 136
13 8 6 183
13 8 7 179
13 8 8 158
13 9 1 168
13 9 2 137
13 9 3 140
13 9 4 152
13 9 5 189
13 9 6 110
13 9 7 122
13 9 8 160
13 10 1 169
13 10 2 141
13 10 3 191
13 10 4 153
13 10 5 111
13 10 6 120
13 10 7 177
13 10 8 161
13 11 1 170
13 11 2 131
13 11 3 135
13 11 4 154
13 11 5 188
13 11 6 185
13 11 7 112
13 11 8 159
13 12 1 171
13 12 2 113
13 12 3 119
13 12 4 155
13 12 5 130
13 12 6 184
13 12 7 176
13 12 8 157
14 1 1 172
14 1 2 166
14 1 3 116
14 1 4 197
14 1 5 103
14 1 6 187
14 1 7 181
14 1 8 145
14 2 1 173
14 2 2 162
14 2 3 126
14 2 4 192
14 2 5 115
14 2 6 102
14 2 7 182
14 2 8 144
14 3 1 174
14 3 2 163
14 3 3 134
14 3 4 193
14 3 5 125
14 3 6 114
14 3 7 107
14 3 8 149
14 4 1 106
14 4 2 164
14 4 3 139
14 4 4 194
14 4 5 133
14 4 6 124
14 4 7 118
14 4 8 148
14 5 1 117
14 5 2 105
14 5 3 142
14 5 4 195
14 5 5 138
14 5 6 132
14 5 7 127
14 5 8 147
14 6 1 175
14 6 2 165
14 6 3 104
14 6 4 196
14 6 5 190
14 6 6 186
14 6 7 180
14 6 8 146
14 7 1 176
14 7 2 171
14 7 3 113
14 7 4 155
14 7 5 119
14 7 6 130
14 7 7 184
14 7 8 157
14 8 1 112
14 8 2 170
14 8 3 131
14 8 4 154
14 8 5 135
14 8 6 188
14 8 7 185
14 8 8 159
14 9 1 177
14 9 2 169
14 9 3 141
14 9 4 153
14 9 5 191
14 9 6 111
14 9 7 120
14 9 8 161
14 10 1 178
14 10 2 167
14 10 3 143
14 10 4 150
14 10 5 108
14 10 6 121
14 10 7 129
14 10 8 156
14 11 1 122
14 11 2 168
14 11 3 137
14 11 4 152
14 11 5 140
14 11 6 189
14 11 7 110
14 11 8 160
14 12 1 179
14 12 2 109
14 12 3 123
14 12 4 151
14 12 5 128
14 12 6 136
14 12 7 183
14 12 8 158
15 1 1 180
15 1 2 175
15 1 3 165
15 1 4 196
15 1 5 104
15 1 6 190
15 1 7 186
15 1 8 146
15 2 1 181
15 2 2 172
15 2 3 166
15 2 4 197
15 2 5 116
15 2 6 103
15 2 7 187
15 2 8 145
15 3 1 182
15 3 2 173
15 3 3 162
15 3 4 192
15 3 5 126
15 3 6 115
15 3 7 102
15 3 8 144
15 4 1 107
15 4 2 174
15 4 3 163
15 4 4 193
15 4 5 134
15 4 6 125
15 4 7 114
15 4 8 149
15 5 1 118
15 5 2 106
15 5 3 164
15 5 4 194
15 5 5 139
15 5 6 133
15 5 7 124
15 5 8 148
15 6 1 127
15 6 2 117
15 6 3 105
15 6 4 195
15 6 5 142
15 6 6 138
15 6 7 132
15 6 8 147
15 7 1 183
15 7 2 179
15 7 3 109
15 7 4 151
15 7 5 123
15 7 6 128
15 7 7 136
15 7 8 158
15 8 1 110
15 8 2 122
15 8 3 168
15 8 4 152
15 8 5 137
15 8 6 140
15 8 7 189
15 8 8 160
15 9 1 129
15 9 2 178
15 9 3 167
15 9 4 150
15 9 5 143
15 9 6 108
15 9 7 121
15 9 8 156
15 10 1 184
15 10 2 176
15 10 3 171
15 10 4 155
15 10 5 113
15 10 6 119
15 10 7 130
15 10 8 157
15 11 1 120
15 11 2 177
15 11 3 169
15 11 4 153
15 11 5 141
15 11 6 191
15 11 7 111
15 11 8 161
15 12 1 185
15 12 2 112
15 12 3 170
15 12 4 154
15 12 5 131
15 12 6 135
15 12 7 188
15 12 8 159
16 1 1 132
16 1 2 127
16 1 3 117
16 1 4 195
16 1 5 105
16 1 6 142
16 1 7 138
16 1 8 147
16 2 1 186
16 2 2 180
16 2 3 175
16 2 4 196
16 2 5 165
16 2 6 104
16 2 7 190
16 2 8 146
16 3 1 187
16 3 2 181
16 3 3 172
16 3 4 197
16 3 5 166
16 3 6 116
16 3 7 103
16 3 8 145
16 4 1 102
16 4 2 182
16 4 3 173
16 4 4 192
16 4 5 162
16 4 6 126
16 4 7 115
16 4 8 144
16 5 1 114
16 5 2 107
16 5 3 174
16 5 4 193
16 5 5 163
16 5 6 134
16 5 7 125
16 5 8 149
16 6 1 124
16 6 2 118
16 6 3 106
16 6 4 194
16 6 5 164
16 6 6 139
16 6 7 133
16 6 8 148
16 7 1 188
16 7 2 185
16 7 3 112
16 7 4 154
16 7 5 170
16 7 6 131
16 7 7 135
16 7 8 159
16 8 1 111
16 8 2 120
16 8 3 177
16 8 4 153
16 8 5 169
16 8 6 141
16 8 7 191
16 8 8 161
16 9 1 130
16 9 2 184
16 9 3 176
16 9 4 155
16 9 5 171
16 9 6 113
16 9 7 119
16 9 8 157
16 10 1 136
16 10 2 183
16 10 3 179
16 10 4 151
16 10 5 109
16 10 6 123
16 10 7 128
16 10 8 158
16 11 1 121
16 11 2 129
16 11 3 178
16 11 4 150
16 11 5 167
16 11 6 143
16 11 7 108
16 11 8 156
16 12 1 189
16 12 2 110
16 12 3 122
16 12 4 152
16 12 5 168
16 12 6 137
16 12 7 140
16 12 8 160
17 1 1 133
17 1 2 124
17 1 3 118
17 1 4 194
17 1 5 106
17 1 6 164
17 1 7 139
17 1 8 148
17 2 1 138
17 2 2 132
17 2 3 127
17 2 4 195
17 2 5 117
17 2 6 105
17 2 7 142
17 2 8 147
17 3 1 190
17 3 2 186
17 3 3 180
17 3 4 196
17 3 5 175
17 3 6 165
17 3 7 104
17 3 8 146
17 4 1 103
17 4 2 187
17 4 3 181
17 4 4 197
17 4 5 172
17 4 6 166
17 4 7 116
17 4 8 145
17 5 1 115
17 5 2 102
17 5 3 182
17 5 4 192
17 5 5 173
17 5 6 162
17 5 7 126
17 5 8 144
17 6 1 125
17 6 2 114
17 6 3 107
17 6 4 193
17 6 5 174
17 6 6 163
17 6 7 134
17 6 8 149
17 7 1 140
17 7 2 189
17 7 3 110
17 7 4 152
17 7 5 122
17 7 6 168
17 7 7 137
17 7 8 160
17 8 1 108
17 8 2 121
17 8 3 129
17 8 4 150
17 8 5 178
17 8 6 167
17 8 7 143
17 8 8 156
17 9 1 128
17 9 2 136
17 9 3 183
17 9 4 151
17 9 5 179
17 9 6 109
17 9 7 123
17 9 8 158
17 10 1 135
17 10 2 188
17 10 3 185
17 10 4 154
17 10 5 112
17 10 6 170
17 10 7 131
17 10 8 159
17 11 1 119
17 11 2 130
17 11 3 184
17 11 4 155
17 11 5 176
17 11 6 171
17 11 7 113
17 11 8 157
17 12 1 191
17 12 2 111
17 12 3 120
17 12 4 153
17 12 5 177
17 12 6 169
17 12 7 141
17 12 8 161
18 1 1 134
18 1 2 125
18 1 3 114
18 1 4 193
18 1 5 107
18 1 6 174
18 1 7 163
18 1 8 149
18 2 1 139
18 2 2 133
18 2 3 124
18 2 4 194
18 2 5 118
18 2 6 106
18 2 7 164
18 2 8 148
18 3 1 142
18 3 2 138
18 3 3 132
18 3 4 195
18 3 5 127
18 3 6 117
18 3 7 105
18 3 8 147
18 4 1 104
18 4 2 190
18 4 3 186
18 4 4 196
18 4 5 180
18 4 6 175
18 4 7 165
18 4 8 146
18 5 1 116
18 5 2 103
18 5 3 187
18 5 4 197
18 5 5 181
18 5 6 172
18 5 7 166
18 5 8 145
18 6 1 126
18 6 2 115
18 6 3 102
18 6 4 192
18 6 5 182
18 6 6 173
18 6 7 162
18 6 8 144
18 7 1 141
18 7 2 191
18 7 3 111
18 7 4 153
18 7 5 120
18 7 6 177
18 7 7 169
18 7 8 161
18 8 1 113
18 8 2 119
18 8 3 130
18 8 4 155
18 8 5 184
18 8 6 176
18 8 7 171
18 8 8 157
18 9 1 131
18 9 2 135
18 9 3 188
18 9 4 154
18 9 5 185
18 9 6 112
18 9 7 170
18 9 8 159
18 10 1 137
18 10 2 140
18 10 3 189
18 10 4 152
18 10 5 110
18 10 6 122
18 10 7 168
18 10 8 160
18 11 1 123
18 11 2 128
18 11 3 136
18 11 4 151
18 11 5 183
18 11 6 179
18 11 7 109
18 11 8 158
18 12 1 143
18 12 2 108
18 12 3 121
18 12 4 150
18 12 5 129
18 12 6 178
18 12 7 167
18 12 8 156
19 1 1 178
19 1 2 129
19 1 3 121
19 1 4 156
19 1 5 108
19 1 6 143
19 1 7 167
19 1 8 150
19 2 1 176
19 2 2 184
19 2 3 130
19 2 4 157
19 2 5 119
19 2 6 113
19 2 7 171
19 2 8 155
19 3 1 179
19 3 2 183
19 3 3 136
19 3 4 158
19 3 5 128
19 3 6 123
19 3 7 109
19 3 8 151
19 4 1 112
19 4 2 185
19 4 3 188
19 4 4 159
19 4 5 135
19 4 6 131
19 4 7 170
19 4 8 154
19 5 1 122
19 5 2 110
19 5 3 189
19 5 4 160
19 5 5 140
19 5 6 137
19 5 7 168
19 5 8 152
19 6 1 177
19 6 2 120
19 6 3 111
19 6 4 161
19 6 5 191
19 6 6 141
19 6 7 169
19 6 8 153
19 7 1 173
19 7 2 182
19 7 3 102
19 7 4 144
19 7 5 115
19 7 6 126
19 7 7 162
19 7 8 192
19 8 1 106
19 8 2 118
19 8 3 124
19 8 4 148
19 8 5 133
19 8 6 139
19 8 7 164
19 8 8 194
19 9 1 175
19 9 2 180
19 9 3 186
19 9 4 146
19 9 5 190
19 9 6 104
19 9 7 165
19 9 8 196
19 10 1 172
19 10 2 181
19 10 3 187
19 10 4 145
19 10 5 103
19 10 6 116
19 10 7 166
19 10 8 197
19 11 1 117
19 11 2 127
19 11 3 132
19 11 4 147
19 11 5 138
19 11 6 142
19 11 7 105
19 11 8 195
19 12 1 174
19 12 2 107
19 12 3 114
19 12 4 149
19 12 5 125
19 12 6 134
19 12 7 163
19 12 8 193
20 1 1 136
20 1 2 128
20 1 3 123
20 1 4 158
20 1 5 109
20 1 6 179
20 1 7 183
20 1 8 151
20 2 1 188
20 2 2 135
20 2 3 131
20 2 4 159
20 2 5 170
20 2 6 112
20 2 7 185
20 2 8 154
20 3 1 189
20 3 2 140
20 3 3 137
20 3 4 160
20 3 5 168
20 3 6 122
20 3 7 110
20 3 8 152
20 4 1 111
20 4 2 191
20 4 3 141
20 4 4 161
20 4 5 169
20 4 6 177
20 4 7 120
20 4 8 153
20 5 1 121
20 5 2 108
20 5 3 143
20 5 4 156
20 5 5 167
20 5 6 178
20 5 7 129
20 5 8 150
20 6 1 130
20 6 2 119
20 6 3 113
20 6 4 157
20 6 5 171
20 6 6 176
20 6 7 184
20 6 8 155
20 7 1 186
20 7 2 190
20 7 3 104
20 7 4 146
20 7 5 165
20 7 6 175
20 7 7 180
20 7 8 196
20 8 1 102
20 8 2 115
20 8 3 126
20 8 4 144
20 8 5 162
20 8 6 173
20 8 7 182
20 8 8 192
20 9 1 124
20 9 2 133
20 9 3 139
20 9 4 148
20 9 5 164
20 9 6 106
20 9 7 118
20 9 8 194
20 10 1 132
20 10 2 138
20 10 3 142
20 10 4 147
20 10 5 105
20 10 6 117
20 10 7 127
20 10 8 195
20 11 1 114
20 11 2 125
20 11 3 134
20 11 4 149
20 11 5 163
20 11 6 174
20 11 7 107
20 11 8 193
20 12 1 187
20 12 2 103
20 12 3 116
20 12 4 145
20 12 5 166
20 12 6 172
20 12 7 181
20 12 8 197
21 1 1 137
21 1 2 168
21 1 3 122
21 1 4 160
21 1 5 110
21 1 6 189
21 1 7 140
21 1 8 152
21 2 1 141
21 2 2 169
21 2 3 177
21 2 4 161
21 2 5 120
21 2 6 111
21 2 7 191
21 2 8 153
21 3 1 143
21 3 2 167
21 3 3 178
21 3 4 156
21 3 5 129
21 3 6 121
21 3 7 108
21 3 8 150
21 4 1 113
21 4 2 171
21 4 3 176
21 4 4 157
21 4 5 184
21 4 6 130
21 4 7 119
21 4 8 155
21 5 1 123
21 5 2 109
21 5 3 179
21 5 4 158
21 5 5 183
21 5 6 136
21 5 7 128
21 5 8 151
21 6 1 131
21 6 2 170
21 6 3 112
21 6 4 159
21 6 5 185
21 6 6 188
21 6 7 135
21 6 8 154
21 7 1 139
21 7 2 164
21 7 3 106
21 7 4 148
21 7 5 118
21 7 6 124
21 7 7 133
21 7 8 194
21 8 1 104
21 8 2 165
21 8 3 175
21 8 4 146
21 8 5 180
21 8 6 186
21 8 7 190
21 8 8 196
21 9 1 126
21 9 2 162
21 9 3 173
21 9 4 144
21 9 5 182
21 9 6 102
21 9 7 115
21 9 8 192
21 10 1 134
21 10 2 163
21 10 3 174
21 10 4 149
21 10 5 107
21 10 6 114
21 10 7 125
21 10 8 193
21 11 1 116
21 11 2 166
21 11 3 172
21 11 4 145
21 11 5 181
21 11 6 187
21 11 7 103
21 11 8 197
21 12 1 142
21 12 2 105
21 12 3 117
21 12 4 147
21 12 5 127
21 12 6 132
21 12 7 138
21 12 8 195
22 1 1 169
22 1 2 177
22 1 3 120
22 1 4 161
22 1 5 111
22 1 6 191
22 1 7 141
22 1 8 153
22 2 1 167
22 2 2 178
22 2 3 129
22 2 4 156
22 2 5 121
22 2 6 108
22 2 7 143
22 2 8 150
22 3 1 171
22 3 2 176
22 3 3 184
22 3 4 157
22 3 5 130
22 3 6 119
22 3 7 113
22 3 8 155
22 4 1 109
22 4 2 179
22 4 3 183
22 4 4 158
22 4 5 136
22 4 6 128
22 4 7 123
22 4 8 151
22 5 1 170
22 5 2 112
22 5 3 185
22 5 4 159
22 5 5 188
22 5 6 135
22 5 7 131
22 5 8 154
22 6 1 168
22 6 2 122
22 6 3 110
22 6 4 160
22 6 5 189
22 6 6 140
22 6 7 137
22 6 8 152
22 7 1 163
22 7 2 174
22 7 3 107
22 7 4 149
22 7 5 114
22 7 6 125
22 7 7 134
22 7 8 193
22 8 1 105
22 8 2 117
22 8 3 127
22 8 4 147
22 8 5 132
22 8 6 138
22 8 7 142
22 8 8 195
22 9 1 166
22 9 2 172
22 9 3 181
22 9 4 145
22 9 5 187
22 9 6 103
22 9 7 116
22 9 8 197
22 10 1 162
22 10 2 173
22 10 3 182
22 10 4 144
22 10 5 102
22 10 6 115
22 10 7 126
22 10 8 192
22 11 1 165
22 11 2 175
22 11 3 180
22 11 4 146
22 11 5 186
22 11 6 190
22 11 7 104
22 11 8 196
22 12 1 164
22 12 2 106
22 12 3 118
22 12 4 148
22 12 5 124
22 12 6 133
22 12 7 139
22 12 8 194
23 1 1 135
23 1 2 131
23 1 3 170
23 1 4 159
23 1 5 112
23 1 6 185
23 1 7 188
23 1 8 154
23 2 1 140
23 2 2 137
23 2 3 168
23 2 4 160
23 2 5 122
23 2 6 110
23 2 7 189
23 2 8 152
23 3 1 191
23 3 2 141
23 3 3 169
23 3 4 161
23 3 5 177
23 3 6 120
23 3 7 111
23 3 8 153
23 4 1 108
23 4 2 143
23 4 3 167
23 4 4 156
23 4 5 178
23 4 6 129
23 4 7 121
23 4 8 150
23 5 1 119
23 5 2 113
23 5 3 171
23 5 4 157
23 5 5 176
23 5 6 184
23 5 7 130
23 5 8 155
23 6 1 128
23 6 2 123
23 6 3 109
23 6 4 158
23 6 5 179
23 6 6 183
23 6 7 136
23 6 8 151
23 7 1 138
23 7 2 142
23 7 3 105
23 7 4 147
23 7 5 117
23 7 6 127
23 7 7 132
23 7 8 195
23 8 1 103
23 8 2 116
23 8 3 166
23 8 4 145
23 8 5 172
23 8 6 181
23 8 7 187
23 8 8 197
23 9 1 125
23 9 2 134
23 9 3 163
23 9 4 149
23 9 5 174
23 9 6 107
23 9 7 114
23 9 8 193
23 10 1 133
23 10 2 139
23 10 3 164
23 10 4 148
23 10 5 106
23 10 6 118
23 10 7 124
23 10 8 194
23 11 1 115
23 11 2 126
23 11 3 162
23 11 4 144
23 11 5 173
23 11 6 182
23 11 7 102
23 11 8 192
23 12 1 190
23 12 2 104
23 12 3 165
23 12 4 146
23 12 5 175
23 12 6 180
23 12 7 186
23 12 8 196
24 1 1 184
24 1 2 130
24 1 3 119
24 1 4 157
24 1 5 113
24 1 6 171
24 1 7 176
24 1 8 155
24 2 1 183
24 2 2 136
24 2 3 128
24 2 4 158
24 2 5 123
24 2 6 109
24 2 7 179
24 2 8 151
24 3 1 185
24 3 2 188
24 3 3 135
24 3 4 159
24 3 5 131
24 3 6 170
24 3 7 112
24 3 8 154
24 4 1 110
24 4 2 189
24 4 3 140
24 4 4 160
24 4 5 137
24 4 6 168
24 4 7 122
24 4 8 152
24 5 1 120
24 5 2 111
24 5 3 191
24 5 4 161
24 5 5 141
24 5 6 169
24 5 7 177
24 5 8 153
24 6 1 129
24 6 2 121
24 6 3 108
24 6 4 156
24 6 5 143
24 6 6 167
24 6 7 178
24 6 8 150
24 7 1 181
24 7 2 187
24 7 3 103
24 7 4 145
24 7 5 116
24 7 6 166
24 7 7 172
24 7 8 197
24 8 1 107
24 8 2 114
24 8 3 125
24 8 4 149
24 8 5 134
24 8 6 163
24 8 7 174
24 8 8 193
24 9 1 127
24 9 2 132
24 9 3 138
24 9 4 147
24 9 5 142
24 9 6 105
24 9 7 117
24 9 8 195
24 10 1 180
24 10 2 186
24 10 3 190
24 10 4 146
24 10 5 104
24 10 6 165
24 10 7 175
24 10 8 196
24 11 1 118
24 11 2 124
24 11 3 133
24 11 4 148
24 11 5 139
24 11 6 164
24 11 7 106
24 11 8 194
24 12 1 182
24 12 2 102
24 12 3 115
24 12 4 144
24 12 5 126
24 12 6 162
24 12 7 173
24 12 8 192
13 13 1 198
13 13 2 222
13 13 3 211
13 13 4 240
13 13 5 198
13 13 6 222
13 13 7 211
13 13 8 240
13 14 1 199
13 14 2 230
13 14 3 221
13 14 4 241
13 14 5 210
13 14 6 203
13 14 7 212
13 14 8 245
13 15 1 200
13 15 2 235
13 15 3 229
13 15 4 242
13 15 5 220
13 15 6 214
13 15 7 202
13 15 8 244
13 16 1 201
13 16 2 238
13 16 3 234
13 16 4 243
13 16 5 228
13 16 6 223
13 16 7 213
13 16 8 243
13 17 1 202
13 17 2 200
13 17 3 235
13 17 4 244
13 17 5 229
13 17 6 220
13 17 7 214
13 17 8 242
13 18 1 203
13 18 2 212
13 18 3 199
13 18 4 245
13 18 5 230
13 18 6 221
13 18 7 210
13 18 8 241
13 19 1 204
13 19 2 239
13 19 3 204
13 19 4 246
13 19 5 217
13 19 6 225
13 19 7 217
13 19 8 252
13 20 1 205
13 20 2 219
13 20 3 224
13 20 4 247
13 20 5 232
13 20 6 224
13 20 7 219
13 20 8 254
13 21 1 206
13 21 2 233
13 21 3 236
13 21 4 248
13 21 5 233
13 21 6 206
13 21 7 218
13 21 8 256
13 22 1 207
13 22 2 237
13 22 3 237
13 22 4 249
13 22 5 207
13 22 6 216
13 22 7 216
13 22 8 257
13 23 1 208
13 23 2 227
13 23 3 231
13 23 4 250
13 23 5 231
13 23 6 227
13 23 7 208
13 23 8 255
13 24 1 209
13 24 2 209
13 24 3 215
13 24 4 251
13 24 5 226
13 24 6 226
13 24 7 215
13 24 8 253
14 13 1 210
14 13 2 203
14 13 3 212
14 13 4 245
14 13 5 199
14 13 6 230
14 13 7 221
14 13 8 241
14 14 1 211
14 14 2 198
14 14 3 222
14 14 4 240
14 14 5 211
14 14 6 198
14 14 7 222
14 14 8 240
14 15 1 212
14 15 2 199
14 15 3 230
14 15 4 241
14 15 5 221
14 15 6 210
14 15 7 203
14 15 8 245
14 16 1 202
14 16 2 200
14 16 3 235
14 16 4 242
14 16 5 229
14 16 6 220
14 16 7 214
14 16 8 244
14 17 1 213
14 17 2 201
14 17 3 238
14 17 4 243
14 17 5 234
14 17 6 228
14 17 7 223
14 17 8 243
14 18 1 214
14 18 2 202
14 18 3 200
14 18 4 244
14 18 5 235
14 18 6 229
14 18 7 220
14 18 8 242
14 19 1 215
14 19 2 209
14 19 3 209
14 19 4 251
14 19 5 215
14 19 6 226
14 19 7 226
14 19 8 253
14 20 1 208
14 20 2 208
14 20 3 227
14 20 4 250
14 20 5 231
14 20 6 231
14 20 7 227
14 20 8 255
14 21 1 216
14 21 2 207
14 21 3 237
14 21 4 249
14 21 5 237
14 21 6 207
14 21 7 216
14 21 8 257
14 22 1 217
14 22 2 204
14 22 3 239
14 22 4 246
14 22 5 204
14 22 6 217
14 22 7 225
14 22 8 252
14 23 1 218
14 23 2 206
14 23 3 233
14 23 4 248
14 23 5 236
14 23 6 233
14 23 7 206
14 23 8 256
14 24 1 219
14 24 2 205
14 24 3 219
14 24 4 247
14 24 5 224
14 24 6 232
14 24 7 224
14 24 8 254
15 13 1 220
15 13 2 214
15 13 3 202
15 13 4 244
15 13 5 200
15 13 6 235
15 13 7 229
15 13 8 242
15 14 1 221
15 14 2 210
15 14 3 203
15 14 4 245
15 14 5 212
15 14 6 199
15 14 7 230
15 14 8 241
15 15 1 222
15 15 2 211
15 15 3 198
15 15 4 240
15 15 5 222
15 15 6 211
15 15 7 198
15 15 8 240
15 16 1 203
15 16 2 212
15 16 3 199
15 16 4 241
15 16 5 230
15 16 6 221
15 16 7 210
15 16 8 245
15 17 1 214
15 17 2 202
15 17 3 200
15 17 4 242
15 17 5 235
15 17 6 229
15 17 7 220
15 17 8 244
15 18 1 223
15 18 2 213
15 18 3 201
15 18 4 243
15 18 5 238
15 18 6 234
15 18 7 228
15 18 8 243
15 19 1 224
15 19 2 219
15 19 3 205
15 19 4 247
15 19 5 219
15 19 6 224
15 19 7 232
15 19 8 254
15 20 1 206
15 20 2 218
15 20 3 206
15 20 4 248
15 20 5 233
15 20 6 236
15 20 7 233
15 20 8 256
15 21 1 225
15 21 2 217
15 21 3 204
15 21 4 246
15 21 5 239
15 21 6 204
15 21 7 217
15 21 8 252
15 22 1 226
15 22 2 215
15 22 3 209
15 22 4 251
15 22 5 209
15 22 6 215
15 22 7 226
15 22 8 253
15 23 1 216
15 23 2 216
15 23 3 207
15 23 4 249
15 23 5 237
15 23 6 237
15 23 7 207
15 23 8 257
15 24 1 227
15 24 2 208
15 24 3 208
15 24 4 250
15 24 5 227
15 24 6 231
15 24 7 231
15 24 8 255
16 13 1 228
16 13 2 223
16 13 3 213
16 13 4 243
16 13 5 201
16 13 6 238
16 13 7 234
16 13 8 243
16 14 1 229
16 14 2 220
16 14 3 214
16 14 4 244
16 14 5 202
16 14 6 200
16 14 7 235
16 14 8 242
16 15 1 230
16 15 2 221
16 15 3 210
16 15 4 245
16 15 5 203
16 15 6 212
16 15 7 199
16 15 8 241
16 16 1 198
16 16 2 222
16 16 3 211
16 16 4 240
16 16 5 198
16 16 6 222
16 16 7 211
16 16 8 240
16 17 1 210
16 17 2 203
16 17 3 212
16 17 4 241
16 17 5 199
16 17 6 230
16 17 7 221
16 17 8 245
16 18 1 220
16 18 2 214
16 18 3 202
16 18 4 242
16 18 5 200
16 18 6 235
16 18 7 229
16 18 8 244
16 19 1 231
16 19 2 227
16 19 3 208
16 19 4 250
16 19 5 208
16 19 6 227
16 19 7 231
16 19 8 255
16 20 1 207
16 20 2 216
16 20 3 216
16 20 4 249
16 20 5 207
16 20 6 237
16 20 7 237
16 20 8 257
16 21 1 226
16 21 2 226
16 21 3 215
16 21 4 251
16 21 5 209
16 21 6 209
16 21 7 215
16 21 8 253
16 22 1 232
16 22 2 224
16 22 3 219
16 22 4 247
16 22 5 205
16 22 6 219
16 22 7 224
16 22 8 254
16 23 1 217
16 23 2 225
16 23 3 217
16 23 4 246
16 23 5 204
16 23 6 239
16 23 7 204
16 23 8 252
16 24 1 233
16 24 2 206
16 24 3 218
16 24 4 248
16 24 5 206
16 24 6 233
16 24 7 236
16 24 8 256
17 13 1 229
17 13 2 220
17 13 3 214
17 13 4 242
17 13 5 202
17 13 6 200
17 13 7 235
17 13 8 244
17 14 1 234
17 14 2 228
17 14 3 223
17 14 4 243
17 14 5 213
17 14 6 201
17 14 7 238
17 14 8 243
17 15 1 235
17 15 2 229
17 15 3 220
17 15 4 244
17 15 5 214
17 15 6 202
17 15 7 200
17 15 8 242
17 16 1 199
17 16 2 230
17 16 3 221
17 16 4 245
17 16 5 210
17 16 6 203
17 16 7 212
17 16 8 241
17 17 1 211
17 17 2 198
17 17 3 222
17 17 4 240
17 17 5 211
17 17 6 198
17 17 7 222
17 17 8 240
17 18 1 221
17 18 2 210
17 18 3 203
17 18 4 241
17 18 5 212
17 18 6 199
17 18 7 230
17 18 8 245
17 19 1 236
17 19 2 233
17 19 3 206
17 19 4 248
17 19 5 218
17 19 6 206
17 19 7 233
17 19 8 256
17 20 1 204
17 20 2 217
17 20 3 225
17 20 4 246
17 20 5 217
17 20 6 204
17 20 7 239
17 20 8 252
17 21 1 224
17 21 2 232
17 21 3 224
17 21 4 247
17 21 5 219
17 21 6 205
17 21 7 219
17 21 8 254
17 22 1 231
17 22 2 231
17 22 3 227
17 22 4 250
17 22 5 208
17 22 6 208
17 22 7 227
17 22 8 255
17 23 1 215
17 23 2 226
17 23 3 226
17 23 4 251
17 23 5 215
17 23 6 209
17 23 7 209
17 23 8 253
17 24 1 237
17 24 2 207
17 24 3 216
17 24 4 249
17 24 5 216
17 24 6 207
17 24 7 237
17 24 8 257
18 13 1 230
18 13 2 221
18 13 3 210
18 13 4 241
18 13 5 203
18 13 6 212
18 13 7 199
18 13 8 245
18 14 1 235
18 14 2 229
18 14 3 220
18 14 4 242
18 14 5 214
18 14 6 202
18 14 7 200
18 14 8 244
18 15 1 238
18 15 2 234
18 15 3 228
18 15 4 243
18 15 5 223
18 15 6 213
18 15 7 201
18 15 8 243
18 16 1 200
18 16 2 235
18 16 3 229
18 16 4 244
18 16 5 220
18 16 6 214
18 16 7 202
18 16 8 242
18 17 1 212
18 17 2 199
18 17 3 230
18 17 4 245
18 17 5 221
18 17 6 210
18 17 7 203
18 17 8 241
18 18 1 222
18 18 2 211
18 18 3 198
18 18 4 240
18 18 5 222
18 18 6 211
18 18 7 198
18 18 8 240
18 19 1 237
18 19 2 237
18 19 3 207
18 19 4 249
18 19 5 216
18 19 6 216
18 19 7 207
18 19 8 257
18 20 1 209
18 20 2 215
18 20 3 226
18 20 4 251
18 20 5 226
18 20 6 215
18 20 7 209
18 20 8 253
18 21 1 227
18 21 2 231
18 21 3 231
18 21 4 250
18 21 5 227
18 21 6 208
18 21 7 208
18 21 8 255
18 22 1 233
18 22 2 236
18 22 3 233
18 22 4 248
18 22 5 206
18 22 6 218
18 22 7 206
18 22 8 256
18 23 1 219
18 23 2 224
18 23 3 232
18 23 4 247
18 23 5 224
18 23 6 219
18 23 7 205
18 23 8 254
18 24 1 239
18 24 2 204
18 24 3 217
18 24 4 246
18 24 5 225
18 24 6 217
18 24 7 204
18 24 8 252
19 13 1 217
19 13 2 225
19 13 3 217
19 13 4 252
19 13 5 204
19 13 6 239
19 13 7 204
19 13 8 246
19 14 1 215
19 14 2 226
19 14 3 226
19 14 4 253
19 14 5 215
19 14 6 209
19 14 7 209
19 14 8 251
19 15 1 219
19 15 2 224
19 15 3 232
19 15 4 254
19 15 5 224
19 15 6 219
19 15 7 205
19 15 8 247
19 16 1 208
19 16 2 227
19 16 3 231
19 16 4 255
19 16 5 231
19 16 6 227
19 16 7 208
19 16 8 250
19 17 1 218
19 17 2 206
19 17 3 233
19 17 4 256
19 17 5 236
19 17 6 233
19 17 7 206
19 17 8 248
19 18 1 216
19 18 2 216
19 18 3 207
19 18 4 257
19 18 5 237
19 18 6 237
19 18 7 207
19 18 8 249
19 19 1 211
19 19 2 222
19 19 3 198
19 19 4 240
19 19 5 211
19 19 6 222
19 19 7 198
19 19 8 240
19 20 1 202
19 20 2 214
19 20 3 220
19 20 4 244
19 20 5 229
19 20 6 235
19 20 7 200
19 20 8 242
19 21 1 214
19 21 2 220
19 21 3 229
19 21 4 242
19 21 5 235
19 21 6 200
19 21 7 202
19 21 8 244
19 22 1 210
19 22 2 221
19 22 3 230
19 22 4 241
19 22 5 199
19 22 6 212
19 22 7 203
19 22 8 245
19 23 1 213
19 23 2 223
19 23 3 228
19 23 4 243
19 23 5 234
19 23 6 238
19 23 7 201
19 23 8 243
19 24 1 212
19 24 2 203
19 24 3 210
19 24 4 245
19 24 5 221
19 24 6 230
19 24 7 199
19 24 8 241
20 13 1 232
20 13 2 224
20 13 3 219
20 13 4 254
20 13 5 205
20 13 6 219
20 13 7 224
20 13 8 247
20 14 1 231
20 14 2 231
20 14 3 227
20 14 4 255
20 14 5 208
20 14 6 208
20 14 7 227
20 14 8 250
20 15 1 233
20 15 2 236
20 15 3 233
20 15 4 256
20 15 5 206
20 15 6 218
20 15 7 206
20 15 8 248
20 16 1 207
20 16 2 237
20 16 3 237
20 16 4 257
20 16 5 207
20 16 6 216
20 16 7 216
20 16 8 249
20 17 1 217
20 17 2 204
20 17 3 239
20 17 4 252
20 17 5 204
20 17 6 217
20 17 7 225
20 17 8 246
20 18 1 226
20 18 2 215
20 18 3 209
20 18 4 253
20 18 5 209
20 18 6 215
20 18 7 226
20 18 8 251
20 19 1 229
20 19 2 235
20 19 3 200
20 19 4 242
20 19 5 202
20 19 6 214
20 19 7 220
20 19 8 244
20 20 1 198
20 20 2 211
20 20 3 222
20 20 4 240
20 20 5 198
20 20 6 211
20 20 7 222
20 20 8 240
20 21 1 220
20 21 2 229
20 21 3 235
20 21 4 244
20 21 5 200
20 21 6 202
20 21 7 214
20 21 8 242
20 22 1 228
20 22 2 234
20 22 3 238
20 22 4 243
20 22 5 201
20 22 6 213
20 22 7 223
20 22 8 243
20 23 1 210
20 23 2 221
20 23 3 230
20 23 4 245
20 23 5 199
20 23 6 212
20 23 7 203
20 23 8 241
20 24 1 230
20 24 2 199
20 24 3 212
20 24 4 241
20 24 5 203
20 24 6 210
20 24 7 221
20 24 8 245
21 13 1 233
21 13 2 206
21 13 3 218
21 13 4 256
21 13 5 206
21 13 6 233
21 13 7 236
21 13 8 248
21 14 1 237
21 14 2 207
21 14 3 216
21 14 4 257
21 14 5 216
21 14 6 207
21 14 7 237
21 14 8 249
21 15 1 239
21 15 2 204
21 15 3 217
21 15 4 252
21 15 5 225
21 15 6 217
21 15 7 204
21 15 8 246
21 16 1 209
21 16 2 209
21 16 3 215
21 16 4 253
21 16 5 226
21 16 6 226
21 16 7 215
21 16 8 251
21 17 1 219
21 17 2 205
21 17 3 219
21 17 4 254
21 17 5 224
21 17 6 232
21 17 7 224
21 17 8 247
21 18 1 227
21 18 2 208
21 18 3 208
21 18 4 255
21 18 5 227
21 18 6 231
21 18 7 231
21 18 8 250
21 19 1 235
21 19 2 200
21 19 3 202
21 19 4 244
21 19 5 214
21 19 6 220
21 19 7 229
21 19 8 242
21 20 1 200
21 20 2 202
21 20 3 214
21 20 4 242
21 20 5 220
21 20 6 229
21 20 7 235
21 20 8 244
21 21 1 222
21 21 2 198
21 21 3 211
21 21 4 240
21 21 5 222
21 21 6 198
21 21 7 211
21 21 8 240
21 22 1 230
21 22 2 199
21 22 3 212
21 22 4 245
21 22 5 203
21 22 6 210
21 22 7 221
21 22 8 241
21 23 1 212
21 23 2 203
21 23 3 210
21 23 4 241
21 23 5 221
21 23 6 230
21 23 7 199
21 23 8 245
21 24 1 238
21 24 2 201
21 24 3 213
21 24 4 243
21 24 5 223
21 24 6 228
21 24 7 234
21 24 8 243
22 13 1 207
22 13 2 216
22 13 3 216
22 13 4 257
22 13 5 207
22 13 6 237
22 13 7 237
22 13 8 249
22 14 1 204
22 14 2 217
22 14 3 225
22 14 4 252
22 14 5 217
22 14 6 204
22 14 7 239
22 14 8 246
22 15 1 209
22 15 2 215
22 15 3 226
22 15 4 253
22 15 5 226
22 15 6 215
22 15 7 209
22 15 8 251
22 16 1 205
22 16 2 219
22 16 3 224
22 16 4 254
22 16 5 232
22 16 6 224
22 16 7 219
22 16 8 247
22 17 1 208
22 17 2 208
22 17 3 227
22 17 4 255
22 17 5 231
22 17 6 231
22 17 7 227
22 17 8 250
22 18 1 206
22 18 2 218
22 18 3 206
22 18 4 256
22 18 5 233
22 18 6 236
22 18 7 233
22 18 8 248
22 19 1 199
22 19 2 212
22 19 3 203
22 19 4 245
22 19 5 210
22 19 6 221
22 19 7 230
22 19 8 241
22 20 1 201
22 20 2 213
22 20 3 223
22 20 4 243
22 20 5 228
22 20 6 234
22 20 7 238
22 20 8 243
22 21 1 203
22 21 2 210
22 21 3 221
22 21 4 241
22 21 5 230
22 21 6 199
22 21 7 212
22 21 8 245
22 22 1 198
22 22 2 211
22 22 3 222
22 22 4 240
22 22 5 198
22 22 6 211
22 22 7 222
22 22 8 240
22 23 1 202
22 23 2 214
22 23 3 220
22 23 4 242
22 23 5 229
22 23 6 235
22 23 7 200
22 23 8 244
22 24 1 200
22 24 2 202
22 24 3 214
22 24 4 244
22 24 5 220
22 24 6 229
22 24 7 235
22 24 8 242
23 13 1 231
23 13 2 227
23 13 3 208
23 13 4 255
23 13 5 208
23 13 6 227
23 13 7 231
23 13 8 250
23 14 1 236
23 14 2 233
23 14 3 206
23 14 4 256
23 14 5 218
23 14 6 206
23 14 7 233
23 14 8 248
23 15 1 237
23 15 2 237
23 15 3 207
23 15 4 257
23 15 5 216
23 15 6 216
23 15 7 207
23 15 8 249
23 16 1 204
23 16 2 239
23 16 3 204
23 16 4 252
23 16 5 217
23 16 6 225
23 16 7 217
23 16 8 246
23 17 1 215
23 17 2 209
23 17 3 209
23 17 4 253
23 17 5 215
23 17 6 226
23 17 7 226
23 17 8 251
23 18 1 224
23 18 2 219
23 18 3 205
23 18 4 254
23 18 5 219
23 18 6 224
23 18 7 232
23 18 8 247
23 19 1 234
23 19 2 238
23 19 3 201
23 19 4 243
23 19 5 213
23 19 6 223
23 19 7 228
23 19 8 243
23 20 1 199
23 20 2 212
23 20 3 203
23 20 4 241
23 20 5 210
23 20 6 221
23 20 7 230
23 20 8 245
23 21 1 221
23 21 2 230
23 21 3 199
23 21 4 245
23 21 5 212
23 21 6 203
23 21 7 210
23 21 8 241
23 22 1 229
23 22 2 235
23 22 3 200
23 22 4 244
23 22 5 202
23 22 6 214
23 22 7 220
23 22 8 242
23 23 1 211
23 23 2 222
23 23 3 198
23 23 4 240
23 23 5 211
23 23 6 222
23 23 7 198
23 23 8 240
23 24 1 235
23 24 2 200
23 24 3 202
23 24 4 242
23 24 5 214
23 24 6 220
23 24 7 229
23 24 8 244
24 13 1 226
24 13 2 226
24 13 3 215
24 13 4 253
24 13 5 209
24 13 6 209
24 13 7 215
24 13 8 251
24 14 1 224
24 14 2 232
24 14 3 224
24 14 4 254
24 14 5 219
24 14 6 205
24 14 7 219
24 14 8 247
24 15 1 227
24 15 2 231
24 15 3 231
24 15 4 255
24 15 5 227
24 15 6 208
24 15 7 208
24 15 8 250
24 16 1 206
24 16 2 233
24 16 3 236
24 16 4 256
24 16 5 233
24 16 6 206
24 16 7 218
24 16 8 248
24 17 1 216
24 17 2 207
24 17 3 237
24 17 4 257
24 17 5 237
24 17 6 207
24 17 7 216
24 17 8 249
24 18 1 225
24 18 2 217
24 18 3 204
24 18 4 252
24 18 5 239
24 18 6 204
24 18 7 217
24 18 8 246
24 19 1 221
24 19 2 230
24 19 3 199
24 19 4 241
24 19 5 212
24 19 6 203
24 19 7 210
24 19 8 245
24 20 1 203
24 20 2 210
24 20 3 221
24 20 4 245
24 20 5 230
24 20 6 199
24 20 7 212
24 20 8 241
24 21 1 223
24 21 2 228
24 21 3 234
24 21 4 243
24 21 5 238
24 21 6 201
24 21 7 213
24 21 8 243
24 22 1 220
24 22 2 229
24 22 3 235
24 22 4 242
24 22 5 200
24 22 6 202
24 22 7 214
24 22 8 244
24 23 1 214
24 23 2 220
24 23 3 229
24 23 4 244
24 23 5 235
24 23 6 200
24 23 7 202
24 23 8 242
24 24 1 222
24 24 2 198
24 24 3 211
24 24 4 240
24 24 5 222
24 24 6 198
24 24 7 211
24 24 8 240
#END