0 0 0 0
1 1 0 1
2 2 0 2
3 3 0 3
4 4 0 4
5 5 0 5
6 6 0 6
7 7 0 7
8 8 0 8
9 9 0 9
10 10 0 10
11 11 0 11
12 12 0 12
13 13 0 13
14 14 0 14
15 15 0 15
16 16 0 16
17 17 0 17
18 18 0 18
19 19 0 19
20 20 0 20
0 0 1 21
0 0 2 21
0 0 3 21
0 0 4 21
1 0 1 22
2 0 1 23
3 0 1 24
4 0 1 25
1 0 2 25
2 0 2 22
3 0 2 23
4 0 2 24
1 0 3 24
2 0 3 25
3 0 3 22
4 0 3 23
1 0 4 23
2 0 4 24
3 0 4 25
4 0 4 22
0 1 1 24
0 2 1 25
0 3 1 22
0 4 1 23
0 1 2 23
0 2 2 24
0 3 2 25
0 4 2 22
0 1 3 22
0 2 3 23
0 3 3 24
0 4 3 25
0 1 4 25
0 2 4 22
0 3 4 23
0 4 4 24
5 0 1 26
6 0 1 27
7 0 1 28
8 0 1 29
5 0 2 29
6 0 2 26
7 0 2 27
8 0 2 28
5 0 3 28
6 0 3 29
7 0 3 26
8 0 3 27
5 0 4 27
6 0 4 28
7 0 4 29
8 0 4 26
0 5 1 28
0 6 1 29
0 7 1 26
0 8 1 27
0 5 2 27
0 6 2 28
0 7 2 29
0 8 2 26
0 5 3 26
0 6 3 27
0 7 3 28
0 8 3 29
0 5 4 29
0 6 4 26
0 7 4 27
0 8 4 28
9 0 1 30
10 0 1 31
11 0 1 32
12 0 1 33
9 0 2 33
10 0 2 30
11 0 2 31
12 0 2 32
9 0 3 32
10 0 3 33
11 0 3 30
12 0 3 31
9 0 4 31
10 0 4 32
11 0 4 33
12 0 4 30
0 9 1 32
0 10 1 33
0 11 1 30
0 12 1 31
0 9 2 31
0 10 2 32
0 11 2 33
0 12 2 30
0 9 3 30
0 10 3 31
0 11 3 32
0 12 3 33
0 9 4 33
0 10 4 30
0 11 4 31
0 12 4 32
13 0 1 34
14 0 1 35
15 0 1 36
16 0 1 37
13 0 2 37
14 0 2 34
15 0 2 35
16 0 2 36
13 0 3 36
14 0 3 37
15 0 3 34
16 0 3 35
13 0 4 35
14 0 4 36
15 0 4 37
16 0 4 34
0 13 1 36
0 14 1 37
0 15 1 34
0 16 1 35
0 13 2 35
0 14 2 36
0 15 2 37
0 16 2 34
0 13 3 34
0 14 3 35
0 15 3 36
0 16 3 37
0 13 4 37
0 14 4 34
0 15 4 35
0 16 4 36
17 0 1 38
18 0 1 39
19 0 1 40
20 0 1 41
17 0 2 41
18 0 2 38
19 0 2 39
20 0 2 40
17 0 3 40
18 0 3 41
19 0 3 38
20 0 3 39
17 0 4 39
18 0 4 40
19 0 4 41
20 0 4 38
0 17 1 40
0 18 1 41
0 19 1 38
0 20 1 39
0 17 2 39
0 18 2 40
0 19 2 41
0 20 2 38
0 17 3 38
0 18 3 39
0 19 3 40
0 20 3 41
0 17 4 41
0 18 4 38
0 19 4 39
0 20 4 40
1 1 1 42
1 1 2 47
1 1 3 42
1 1 4 47
1 2 1 43
1 2 2 50
1 2 3 46
1 2 4 45
1 3 1 44
1 3 2 51
1 3 3 49
1 3 4 48
1 4 1 45
1 4 2 43
1 4 3 50
1 4 4 46
2 1 1 46
2 1 2 45
2 1 3 43
2 1 4 50
2 2 1 47
2 2 2 42
2 2 3 47
2 2 4 42
2 3 1 45
2 3 2 43
2 3 3 50
2 3 4 46
2 4 1 48
2 4 2 44
2 4 3 51
2 4 4 49
3 1 1 49
3 1 2 48
3 1 3 44
3 1 4 51
3 2 1 50
3 2 2 46
3 2 3 45
3 2 4 43
3 3 1 42
3 3 2 47
3 3 3 42
3 3 4 47
3 4 1 46
3 4 2 45
3 4 3 43
3 4 4 50
4 1 1 50
4 1 2 46
4 1 3 45
4 1 4 43
4 2 1 51
4 2 2 49
4 2 3 48
4 2 4 44
4 3 1 43
4 3 2 50
4 3 3 46
4 3 4 45
4 4 1 47
4 4 2 42
4 4 3 47
4 4 4 42
1 5 1 52
1 5 2 96
1 5 3 92
1 5 4 57
1 6 1 53
1 6 2 97
1 6 3 95
1 6 4 94
1 7 1 54
1 7 2 61
1 7 3 59
1 7 4 58
1 8 1 55
1 8 2 93
1 8 3 60
1 8 4 56
2 5 1 56
2 5 2 55
2 5 3 93
2 5 4 60
2 6 1 57
2 6 2 52
2 6 3 96
2 6 4 92
2 7 1 94
2 7 2 53
2 7 3 97
2 7 4 95
2 8 1 58
2 8 2 54
2 8 3 61
2 8 4 59
3 5 1 59
3 5 2 58
3 5 3 54
3 5 4 61
3 6 1 60
3 6 2 56
3 6 3 55
3 6 4 93
3 7 1 92
3 7 2 57
3 7 3 52
3 7 4 96
3 8 1 95
3 8 2 94
3 8 3 53
3 8 4 97
4 5 1 97
4 5 2 95
4 5 3 94
4 5 4 53
4 6 1 61
4 6 2 59
4 6 3 58
4 6 4 54
4 7 1 93
4 7 2 60
4 7 3 56
4 7 4 55
4 8 1 96
4 8 2 92
4 8 3 57
4 8 4 52
1 9 1 62
1 9 2 142
1 9 3 138
1 9 4 67
1 10 1 63
1 10 2 143
1 10 3 141
1 10 4 140
1 11 1 64
1 11 2 71
1 11 3 69
1 11 4 68
1 12 1 65
1 12 2 139
1 12 3 70
1 12 4 66
2 9 1 66
2 9 2 65
2 9 3 139
2 9 4 70
2 10 1 67
2 10 2 62
2 10 3 142
2 10 4 138
2 11 1 140
2 11 2 63
2 11 3 143
2 11 4 141
2 12 1 68
2 12 2 64
2 12 3 71
2 12 4 69
3 9 1 69
3 9 2 68
3 9 3 64
3 9 4 71
3 10 1 70
3 10 2 66
3 10 3 65
3 10 4 139
3 11 1 138
3 11 2 67
3 11 3 62
3 11 4 142
3 12 1 141
3 12 2 140
3 12 3 63
3 12 4 143
4 9 1 143
4 9 2 141
4 9 3 140
4 9 4 63
4 10 1 71
4 10 2 69
4 10 3 68
4 10 4 64
4 11 1 139
4 11 2 70
4 11 3 66
4 11 4 65
4 12 1 142
4 12 2 138
4 12 3 67
4 12 4 62
1 13 1 72
1 13 2 184
1 13 3 180
1 13 4 77
1 14 1 73
1 14 2 185
1 14 3 183
1 14 4 182
1 15 1 74
1 15 2 81
1 15 3 79
1 15 4 78
1 16 1 75
1 16 2 181
1 16 3 80
1 16 4 76
2 13 1 76
2 13 2 75
2 13 3 181
2 13 4 80
2 14 1 77
2 14 2 72
2 14 3 184
2 14 4 180
2 15 1 182
2 15 2 73
2 15 3 185
2 15 4 183
2 16 1 78
2 16 2 74
2 16 3 81
2 16 4 79
3 13 1 79
3 13 2 78
3 13 3 74
3 13 4 81
3 14 1 80
3 14 2 76
3 14 3 75
3 14 4 181
3 15 1 180
3 15 2 77
3 15 3 72
3 15 4 184
3 16 1 183
3 16 2 182
3 16 3 73
3 16 4 185
4 13 1 185
4 13 2 183
4 13 3 182
4 13 4 73
4 14 1 81
4 14 2 79
4 14 3 78
4 14 4 74
4 15 1 181
4 15 2 80
4 15 3 76
4 15 4 75
4 16 1 184
4 16 2 180
4 16 3 77
4 16 4 72
1 17 1 82
1 17 2 222
1 17 3 218
1 17 4 87
1 18 1 83
1 18 2 223
1 18 3 221
1 18 4 220
1 19 1 84
1 19 2 91
1 19 3 89
1 19 4 88
1 20 1 85
1 20 2 219
1 20 3 90
1 20 4 86
2 17 1 86
2 17 2 85
2 17 3 219
2 17 4 90
2 18 1 87
2 18 2 82
2 18 3 222
2 18 4 218
2 19 1 220
2 19 2 83
2 19 3 223
2 19 4 221
2 20 1 88
2 20 2 84
2 20 3 91
2 20 4 89
3 17 1 89
3 17 2 88
3 17 3 84
3 17 4 91
3 18 1 90
3 18 2 86
3 18 3 85
3 18 4 219
3 19 1 218
3 19 2 87
3 19 3 82
3 19 4 222
3 20 1 221
3 20 2 220
3 20 3 83
3 20 4 223
4 17 1 223
4 17 2 221
4 17 3 220
4 17 4 83
4 18 1 91
4 18 2 89
4 18 3 88
4 18 4 84
4 19 1 219
4 19 2 90
4 19 3 86
4 19 4 85
4 20 1 222
4 20 2 218
4 20 3 87
4 20 4 82
5 1 1 92
5 1 2 57
5 1 3 52
5 1 4 96
5 2 1 93
5 2 2 60
5 2 3 56
5 2 4 55
5 3 1 54
5 3 2 61
5 3 3 59
5 3 4 58
5 4 1 94
5 4 2 53
5 4 3 97
5 4 4 95
6 1 1 95
6 1 2 94
6 1 3 53
6 1 4 97
6 2 1 96
6 2 2 92
6 2 3 57
6 2 4 52
6 3 1 55
6 3 2 93
6 3 3 60
6 3 4 56
6 4 1 58
6 4 2 54
6 4 3 61
6 4 4 59
7 1 1 59
7 1 2 58
7 1 3 54
7 1 4 61
7 2 1 97
7 2 2 95
7 2 3 94
7 2 4 53
7 3 1 52
7 3 2 96
7 3 3 92
7 3 4 57
7 4 1 56
7 4 2 55
7 4 3 93
7 4 4 60
8 1 1 60
8 1 2 56
8 1 3 55
8 1 4 93
8 2 1 61
8 2 2 59
8 2 3 58
8 2 4 54
8 3 1 53
8 3 2 97
8 3 3 95
8 3 4 94
8 4 1 57
8 4 2 52
8 4 3 96
8 4 4 92
5 5 1 98
5 5 2 103
5 5 3 98
5 5 4 103
5 6 1 99
5 6 2 106
5 6 3 102
5 6 4 101
5 7 1 100
5 7 2 107
5 7 3 105
5 7 4 104
5 8 1 101
5 8 2 99
5 8 3 106
5 8 4 102
6 5 1 102
6 5 2 101
6 5 3 99
6 5 4 106
6 6 1 103
6 6 2 98
6 6 3 103
6 6 4 98
6 7 1 101
6 7 2 99
6 7 3 106
6 7 4 102
6 8 1 104
6 8 2 100
6 8 3 107
6 8 4 105
7 5 1 105
7 5 2 104
7 5 3 100
7 5 4 107
7 6 1 106
7 6 2 102
7 6 3 101
7 6 4 99
7 7 1 98
7 7 2 103
7 7 3 98
7 7 4 103
7 8 1 102
7 8 2 101
7 8 3 99
7 8 4 106
8 5 1 106
8 5 2 102
8 5 3 101
8 5 4 99
8 6 1 107
8 6 2 105
8 6 3 104
8 6 4 100
8 7 1 99
8 7 2 106
8 7 3 102
8 7 4 101
8 8 1 103
8 8 2 98
8 8 3 103
8 8 4 98
5 9 1 108
5 9 2 148
5 9 3 144
5 9 4 113
5 10 1 109
5 10 2 149
5 10 3 147
5 10 4 146
5 11 1 110
5 11 2 117
5 11 3 115
5 11 4 114
5 12 1 111
5 12 2 145
5 12 3 116
5 12 4 112
6 9 1 112
6 9 2 111
6 9 3 145
6 9 4 116
6 10 1 113
6 10 2 108
6 10 3 148
6 10 4 144
6 11 1 146
6 11 2 109
6 11 3 149
6 11 4 147
6 12 1 114
6 12 2 110
6 12 3 117
6 12 4 115
7 9 1 115
7 9 2 114
7 9 3 110
7 9 4 117
7 10 1 116
7 10 2 112
7 10 3 111
7 10 4 145
7 11 1 144
7 11 2 113
7 11 3 108
7 11 4 148
7 12 1 147
7 12 2 146
7 12 3 109
7 12 4 149
8 9 1 149
8 9 2 147
8 9 3 146
8 9 4 109
8 10 1 117
8 10 2 115
8 10 3 114
8 10 4 110
8 11 1 145
8 11 2 116
8 11 3 112
8 11 4 111
8 12 1 148
8 12 2 144
8 12 3 113
8 12 4 108
5 13 1 118
5 13 2 190
5 13 3 186
5 13 4 123
5 14 1 119
5 14 2 191
5 14 3 189
5 14 4 188
5 15 1 120
5 15 2 127
5 15 3 125
5 15 4 124
5 16 1 121
5 16 2 187
5 16 3 126
5 16 4 122
6 13 1 122
6 13 2 121
6 13 3 187
6 13 4 126
6 14 1 123
6 14 2 118
6 14 3 190
6 14 4 186
6 15 1 188
6 15 2 119
6 15 3 191
6 15 4 189
6 16 1 124
6 16 2 120
6 16 3 127
6 16 4 125
7 13 1 125
7 13 2 124
7 13 3 120
7 13 4 127
7 14 1 126
7 14 2 122
7 14 3 121
7 14 4 187
7 15 1 186
7 15 2 123
7 15 3 118
7 15 4 190
7 16 1 189
7 16 2 188
7 16 3 119
7 16 4 191
8 13 1 191
8 13 2 189
8 13 3 188
8 13 4 119
8 14 1 127
8 14 2 125
8 14 3 124
8 14 4 120
8 15 1 187
8 15 2 126
8 15 3 122
8 15 4 121
8 16 1 190
8 16 2 186
8 16 3 123
8 16 4 118
5 17 1 128
5 17 2 228
5 17 3 224
5 17 4 133
5 18 1 129
5 18 2 229
5 18 3 227
5 18 4 226
5 19 1 130
5 19 2 137
5 19 3 135
5 19 4 134
5 20 1 131
5 20 2 225
5 20 3 136
5 20 4 132
6 17 1 132
6 17 2 131
6 17 3 225
6 17 4 136
6 18 1 133
6 18 2 128
6 18 3 228
6 18 4 224
6 19 1 226
6 19 2 129
6 19 3 229
6 19 4 227
6 20 1 134
6 20 2 130
6 20 3 137
6 20 4 135
7 17 1 135
7 17 2 134
7 17 3 130
7 17 4 137
7 18 1 136
7 18 2 132
7 18 3 131
7 18 4 225
7 19 1 224
7 19 2 133
7 19 3 128
7 19 4 228
7 20 1 227
7 20 2 226
7 20 3 129
7 20 4 229
8 17 1 229
8 17 2 227
8 17 3 226
8 17 4 129
8 18 1 137
8 18 2 135
8 18 3 134
8 18 4 130
8 19 1 225
8 19 2 136
8 19 3 132
8 19 4 131
8 20 1 228
8 20 2 224
8 20 3 133
8 20 4 128
9 1 1 138
9 1 2 67
9 1 3 62
9 1 4 142
9 2 1 139
9 2 2 70
9 2 3 66
9 2 4 65
9 3 1 64
9 3 2 71
9 3 3 69
9 3 4 68
9 4 1 140
9 4 2 63
9 4 3 143
9 4 4 141
10 1 1 141
10 1 2 140
10 1 3 63
10 1 4 143
10 2 1 142
10 2 2 138
10 2 3 67
10 2 4 62
10 3 1 65
10 3 2 139
10 3 3 70
10 3 4 66
10 4 1 68
10 4 2 64
10 4 3 71
10 4 4 69
11 1 1 69
11 1 2 68
11 1 3 64
11 1 4 71
11 2 1 143
11 2 2 141
11 2 3 140
11 2 4 63
11 3 1 62
11 3 2 142
11 3 3 138
11 3 4 67
11 4 1 66
11 4 2 65
11 4 3 139
11 4 4 70
12 1 1 70
12 1 2 66
12 1 3 65
12 1 4 139
12 2 1 71
12 2 2 69
12 2 3 68
12 2 4 64
12 3 1 63
12 3 2 143
12 3 3 141
12 3 4 140
12 4 1 67
12 4 2 62
12 4 3 142
12 4 4 138
9 5 1 144
9 5 2 113
9 5 3 108
9 5 4 148
9 6 1 145
9 6 2 116
9 6 3 112
9 6 4 111
9 7 1 110
9 7 2 117
9 7 3 115
9 7 4 114
9 8 1 146
9 8 2 109
9 8 3 149
9 8 4 147
10 5 1 147
10 5 2 146
10 5 3 109
10 5 4 149
10 6 1 148
10 6 2 144
10 6 3 113
10 6 4 108
10 7 1 111
10 7 2 145
10 7 3 116
10 7 4 112
10 8 1 114
10 8 2 110
10 8 3 117
10 8 4 115
11 5 1 115
11 5 2 114
11 5 3 110
11 5 4 117
11 6 1 149
11 6 2 147
11 6 3 146
11 6 4 109
11 7 1 108
11 7 2 148
11 7 3 144
11 7 4 113
11 8 1 112
11 8 2 111
11 8 3 145
11 8 4 116
12 5 1 116
12 5 2 112
12 5 3 111
12 5 4 145
12 6 1 117
12 6 2 115
12 6 3 114
12 6 4 110
12 7 1 109
12 7 2 149
12 7 3 147
12 7 4 146
12 8 1 113
12 8 2 108
12 8 3 148
12 8 4 144
9 9 1 150
9 9 2 155
9 9 3 150
9 9 4 155
9 10 1 151
9 10 2 158
9 10 3 154
9 10 4 153
9 11 1 152
9 11 2 159
9 11 3 157
9 11 4 156
9 12 1 153
9 12 2 151
9 12 3 158
9 12 4 154
10 9 1 154
10 9 2 153
10 9 3 151
10 9 4 158
10 10 1 155
10 10 2 150
10 10 3 155
10 10 4 150
10 11 1 153
10 11 2 151
10 11 3 158
10 11 4 154
10 12 1 156
10 12 2 152
10 12 3 159
10 12 4 157
11 9 1 157
11 9 2 156
11 9 3 152
11 9 4 159
11 10 1 158
11 10 2 154
11 10 3 153
11 10 4 151
11 11 1 150
11 11 2 155
11 11 3 150
11 11 4 155
11 12 1 154
11 12 2 153
11 12 3 151
11 12 4 158
12 9 1 158
12 9 2 154
12 9 3 153
12 9 4 151
12 10 1 159
12 10 2 157
12 10 3 156
12 10 4 152
12 11 1 151
12 11 2 158
12 11 3 154
12 11 4 153
12 12 1 155
12 12 2 150
12 12 3 155
12 12 4 150
9 13 1 160
9 13 2 196
9 13 3 192
9 13 4 165
9 14 1 161
9 14 2 197
9 14 3 195
9 14 4 194
9 15 1 162
9 15 2 169
9 15 3 167
9 15 4 166
9 16 1 163
9 16 2 193
9 16 3 168
9 16 4 164
10 13 1 164
10 13 2 163
10 13 3 193
10 13 4 168
10 14 1 165
10 14 2 160
10 14 3 196
10 14 4 192
10 15 1 194
10 15 2 161
10 15 3 197
10 15 4 195
10 16 1 166
10 16 2 162
10 16 3 169
10 16 4 167
11 13 1 167
11 13 2 166
11 13 3 162
11 13 4 169
11 14 1 168
11 14 2 164
11 14 3 163
11 14 4 193
11 15 1 192
11 15 2 165
11 15 3 160
11 15 4 196
11 16 1 195
11 16 2 194
11 16 3 161
11 16 4 197
12 13 1 197
12 13 2 195
12 13 3 194
12 13 4 161
12 14 1 169
12 14 2 167
12 14 3 166
12 14 4 162
12 15 1 193
12 15 2 168
12 15 3 164
12 15 4 163
12 16 1 196
12 16 2 192
12 16 3 165
12 16 4 160
9 17 1 170
9 17 2 234
9 17 3 230
9 17 4 175
9 18 1 171
9 18 2 235
9 18 3 233
9 18 4 232
9 19 1 172
9 19 2 179
9 19 3 177
9 19 4 176
9 20 1 173
9 20 2 231
9 20 3 178
9 20 4 174
10 17 1 174
10 17 2 173
10 17 3 231
10 17 4 178
10 18 1 175
10 18 2 170
10 18 3 234
10 18 4 230
10 19 1 232
10 19 2 171
10 19 3 235
10 19 4 233
10 20 1 176
10 20 2 172
10 20 3 179
10 20 4 177
11 17 1 177
11 17 2 176
11 17 3 172
11 17 4 179
11 18 1 178
11 18 2 174
11 18 3 173
11 18 4 231
11 19 1 230
11 19 2 175
11 19 3 170
11 19 4 234
11 20 1 233
11 20 2 232
11 20 3 171
11 20 4 235
12 17 1 235
12 17 2 233
12 17 3 232
12 17 4 171
12 18 1 179
12 18 2 177
12 18 3 176
12 18 4 172
12 19 1 231
12 19 2 178
12 19 3 174
12 19 4 173
12 20 1 234
12 20 2 230
12 20 3 175
12 20 4 170
13 1 1 180
13 1 2 77
13 1 3 72
13 1 4 184
13 2 1 181
13 2 2 80
13 2 3 76
13 2 4 75
13 3 1 74
13 3 2 81
13 3 3 79
13 3 4 78
13 4 1 182
13 4 2 73
13 4 3 185
13 4 4 183
14 1 1 183
14 1 2 182
14 1 3 73
14 1 4 185
14 2 1 184
14 2 2 180
14 2 3 77
14 2 4 72
14 3 1 75
14 3 2 181
14 3 3 80
14 3 4 76
14 4 1 78
14 4 2 74
14 4 3 81
14 4 4 79
15 1 1 79
15 1 2 78
15 1 3 74
15 1 4 81
15 2 1 185
15 2 2 183
15 2 3 182
15 2 4 73
15 3 1 72
15 3 2 184
15 3 3 180
15 3 4 77
15 4 1 76
15 4 2 75
15 4 3 181
15 4 4 80
16 1 1 80
16 1 2 76
16 1 3 75
16 1 4 181
16 2 1 81
16 2 2 79
16 2 3 78
16 2 4 74
16 3 1 73
16 3 2 185
16 3 3 183
16 3 4 182
16 4 1 77
16 4 2 72
16 4 3 184
16 4 4 180
13 5 1 186
13 5 2 123
13 5 3 118
13 5 4 190
13 6 1 187
13 6 2 126
13 6 3 122
13 6 4 121
13 7 1 120
13 7 2 127
13 7 3 125
13 7 4 124
13 8 1 188
13 8 2 119
13 8 3 191
13 8 4 189
14 5 1 189
14 5 2 188
14 5 3 119
14 5 4 191
14 6 1 190
14 6 2 186
14 6 3 123
14 6 4 118
14 7 1 121
14 7 2 187
14 7 3 126
14 7 4 122
14 8 1 124
14 8 2 120
14 8 3 127
14 8 4 125
15 5 1 125
15 5 2 124
15 5 3 120
15 5 4 127
15 6 1 191
15 6 2 189
15 6 3 188
15 6 4 119
15 7 1 118
15 7 2 190
15 7 3 186
15 7 4 123
15 8 1 122
15 8 2 121
15 8 3 187
15 8 4 126
16 5 1 126
16 5 2 122
16 5 3 121
16 5 4 187
16 6 1 127
16 6 2 125
16 6 3 124
16 6 4 120
16 7 1 119
16 7 2 191
16 7 3 189
16 7 4 188
16 8 1 123
16 8 2 118
16 8 3 190
16 8 4 186
13 9 1 192
13 9 2 165
13 9 3 160
13 9 4 196
13 10 1 193
13 10 2 168
13 10 3 164
13 10 4 163
13 11 1 162
13 11 2 169
13 11 3 167
13 11 4 166
13 12 1 194
13 12 2 161
13 12 3 197
13 12 4 195
14 9 1 195
14 9 2 194
14 9 3 161
14 9 4 197
14 10 1 196
14 10 2 192
14 10 3 165
14 10 4 160
14 11 1 163
14 11 2 193
14 11 3 168
14 11 4 164
14 12 1 166
14 12 2 162
14 12 3 169
14 12 4 167
15 9 1 167
15 9 2 166
15 9 3 162
15 9 4 169
15 10 1 197
15 10 2 195
15 10 3 194
15 10 4 161
15 11 1 160
15 11 2 196
15 11 3 192
15 11 4 165
15 12 1 164
15 12 2 163
15 12 3 193
15 12 4 168
16 9 1 168
16 9 2 164
16 9 3 163
16 9 4 193
16 10 1 169
16 10 2 167
16 10 3 166
16 10 4 162
16 11 1 161
16 11 2 197
16 11 3 195
16 11 4 194
16 12 1 165
16 12 2 160
16 12 3 196
16 12 4 192
13 13 1 198
13 13 2 203
13 13 3 198
13 13 4 203
13 14 1 199
13 14 2 206
13 14 3 202
13 14 4 201
13 15 1 200
13 15 2 207
13 15 3 205
13 15 4 204
13 16 1 201
13 16 2 199
13 16 3 206
13 16 4 202
14 13 1 202
14 13 2 201
14 13 3 199
14 13 4 206
14 14 1 203
14 14 2 198
14 14 3 203
14 14 4 198
14 15 1 201
14 15 2 199
14 15 3 206
14 15 4 202
14 16 1 204
14 16 2 200
14 16 3 207
14 16 4 205
15 13 1 205
15 13 2 204
15 13 3 200
15 13 4 207
15 14 1 206
15 14 2 202
15 14 3 201
15 14 4 199
15 15 1 198
15 15 2 203
15 15 3 198
15 15 4 203
15 16 1 202
15 16 2 201
15 16 3 199
15 16 4 206
16 13 1 206
16 13 2 202
16 13 3 201
16 13 4 199
16 14 1 207
16 14 2 205
16 14 3 204
16 14 4 200
16 15 1 199
16 15 2 206
16 15 3 202
16 15 4 201
16 16 1 203
16 16 2 198
16 16 3 203
16 16 4 198
13 17 1 208
13 17 2 240
13 17 3 236
13 17 4 213
13 18 1 209
13 18 2 241
13 18 3 239
13 18 4 238
13 19 1 210
13 19 2 217
13 19 3 215
13 19 4 214
13 20 1 211
13 20 2 237
13 20 3 216
13 20 4 212
14 17 1 212
14 17 2 211
14 17 3 237
14 17 4 216
14 18 1 213
14 18 2 208
14 18 3 240
14 18 4 236
14 19 1 238
14 19 2 209
14 19 3 241
14 19 4 239
14 20 1 214
14 20 2 210
14 20 3 217
14 20 4 215
15 17 1 215
15 17 2 214
15 17 3 210
15 17 4 217
15 18 1 216
15 18 2 212
15 18 3 211
15 18 4 237
15 19 1 236
15 19 2 213
15 19 3 208
15 19 4 240
15 20 1 239
15 20 2 238
15 20 3 209
15 20 4 241
16 17 1 241
16 17 2 239
16 17 3 238
16 17 4 209
16 18 1 217
16 18 2 215
16 18 3 214
16 18 4 210
16 19 1 237
16 19 2 216
16 19 3 212
16 19 4 211
16 20 1 240
16 20 2 236
16 20 3 213
16 20 4 208
17 1 1 218
17 1 2 87
17 1 3 82
17 1 4 222
17 2 1 219
17 2 2 90
17 2 3 86
17 2 4 85
17 3 1 84
17 3 2 91
17 3 3 89
17 3 4 88
17 4 1 220
17 4 2 83
17 4 3 223
17 4 4 221
18 1 1 221
18 1 2 220
18 1 3 83
18 1 4 223
18 2 1 222
18 2 2 218
18 2 3 87
18 2 4 82
18 3 1 85
18 3 2 219
18 3 3 90
18 3 4 86
18 4 1 88
18 4 2 84
18 4 3 91
18 4 4 89
19 1 1 89
19 1 2 88
19 1 3 84
19 1 4 91
19 2 1 223
19 2 2 221
19 2 3 220
19 2 4 83
19 3 1 82
19 3 2 222
19 3 3 218
19 3 4 87
19 4 1 86
19 4 2 85
19 4 3 219
19 4 4 90
20 1 1 90
20 1 2 86
20 1 3 85
20 1 4 219
20 2 1 91
20 2 2 89
20 2 3 88
20 2 4 84
20 3 1 83
20 3 2 223
20 3 3 221
20 3 4 220
20 4 1 87
20 4 2 82
20 4 3 222
20 4 4 218
17 5 1 224
17 5 2 133
17 5 3 128
17 5 4 228
17 6 1 225
17 6 2 136
17 6 3 132
17 6 4 131
17 7 1 130
17 7 2 137
17 7 3 135
17 7 4 134
17 8 1 226
17 8 2 129
17 8 3 229
17 8 4 227
18 5 1 227
18 5 2 226
18 5 3 129
18 5 4 229
18 6 1 228
18 6 2 224
18 6 3 133
18 6 4 128
18 7 1 131
18 7 2 225
18 7 3 136
18 7 4 132
18 8 1 134
18 8 2 130
18 8 3 137
18 8 4 135
19 5 1 135
19 5 2 134
19 5 3 130
19 5 4 137
19 6 1 229
19 6 2 227
19 6 3 226
19 6 4 129
19 7 1 128
19 7 2 228
19 7 3 224
19 7 4 133
19 8 1 132
19 8 2 131
19 8 3 225
19 8 4 136
20 5 1 136
20 5 2 132
20 5 3 131
20 5 4 225
20 6 1 137
20 6 2 135
20 6 3 134
20 6 4 130
20 7 1 129
20 7 2 229
20 7 3 227
20 7 4 226
20 8 1 133
20 8 2 128
20 8 3 228
20 8 4 224
17 9 1 230
17 9 2 175
17 9 3 170
17 9 4 234
17 10 1 231
17 10 2 178
17 10 3 174
17 10 4 173
17 11 1 172
17 11 2 179
17 11 3 177
17 11 4 176
17 12 1 232
17 12 2 171
17 12 3 235
17 12 4 233
18 9 1 233
18 9 2 232
18 9 3 171
18 9 4 235
18 10 1 234
18 10 2 230
18 10 3 175
18 10 4 170
18 11 1 173
18 11 2 231
18 11 3 178
18 11 4 174
18 12 1 176
18 12 2 172
18 12 3 179
18 12 4 177
19 9 1 177
19 9 2 176
19 9 3 172
19 9 4 179
19 10 1 235
19 10 2 233
19 10 3 232
19 10 4 171
19 11 1 170
19 11 2 234
19 11 3 230
19 11 4 175
19 12 1 174
19 12 2 173
19 12 3 231
19 12 4 178
20 9 1 178
20 9 2 174
20 9 3 173
20 9 4 231
20 10 1 179
20 10 2 177
20 10 3 176
20 10 4 172
20 11 1 171
20 11 2 235
20 11 3 233
20 11 4 232
20 12 1 175
20 12 2 170
20 12 3 234
20 12 4 230
17 13 1 236
17 13 2 213
17 13 3 208
17 13 4 240
17 14 1 237
17 14 2 216
17 14 3 212
17 14 4 211
17 15 1 210
17 15 2 217
17 15 3 215
17 15 4 214
17 16 1 238
17 16 2 209
17 16 3 241
17 16 4 239
18 13 1 239
18 13 2 238
18 13 3 209
18 13 4 241
18 14 1 240
18 14 2 236
18 14 3 213
18 14 4 208
18 15 1 211
18 15 2 237
18 15 3 216
18 15 4 212
18 16 1 214
18 16 2 210
18 16 3 217
18 16 4 215
19 13 1 215
19 13 2 214
19 13 3 210
19 13 4 217
19 14 1 241
19 14 2 239
19 14 3 238
19 14 4 209
19 15 1 208
19 15 2 240
19 15 3 236
19 15 4 213
19 16 1 212
19 16 2 211
19 16 3 237
19 16 4 216
20 13 1 216
20 13 2 212
20 13 3 211
20 13 4 237
20 14 1 217
20 14 2 215
20 14 3 214
20 14 4 210
20 15 1 209
20 15 2 241
20 15 3 239
20 15 4 238
20 16 1 213
20 16 2 208
20 16 3 240
20 16 4 236
17 17 1 242
17 17 2 247
17 17 3 242
17 17 4 247
17 18 1 243
17 18 2 250
17 18 3 246
17 18 4 245
17 19 1 244
17 19 2 251
17 19 3 249
17 19 4 248
17 20 1 245
17 20 2 243
17 20 3 250
17 20 4 246
18 17 1 246
18 17 2 245
18 17 3 243
18 17 4 250
18 18 1 247
18 18 2 242
18 18 3 247
18 18 4 242
18 19 1 245
18 19 2 243
18 19 3 250
18 19 4 246
18 20 1 248
18 20 2 244
18 20 3 251
18 20 4 249
19 17 1 249
19 17 2 248
19 17 3 244
19 17 4 251
19 18 1 250
19 18 2 246
19 18 3 245
19 18 4 243
19 19 1 242
19 19 2 247
19 19 3 242
19 19 4 247
19 20 1 246
19 20 2 245
19 20 3 243
19 20 4 250
20 17 1 250
20 17 2 246
20 17 3 245
20 17 4 243
20 18 1 251
20 18 2 249
20 18 3 248
20 18 4 244
20 19 1 243
20 19 2 250
20 19 3 246
20 19 4 245
20 20 1 247
20 20 2 242
20 20 3 247
20 20 4 242
#END