0 0 0 0
1 1 0 1
2 2 0 2
3 3 0 3
4 4 0 4
5 5 0 5
6 6 0 6
7 7 0 7
8 8 0 8
9 9 0 9
10 10 0 10
11 11 0 11
12 12 0 12
13 13 0 13
14 14 0 14
15 15 0 15
16 16 0 16
0 0 1 17
0 0 2 17
0 0 3 17
0 0 4 17
1 0 1 18
2 0 1 19
3 0 1 20
4 0 1 21
1 0 2 21
2 0 2 18
3 0 2 19
4 0 2 20
1 0 3 20
2 0 3 21
3 0 3 18
4 0 3 19
1 0 4 19
2 0 4 20
3 0 4 21
4 0 4 18
0 1 1 20
0 2 1 21
0 3 1 18
0 4 1 19
0 1 2 19
0 2 2 20
0 3 2 21
0 4 2 18
0 1 3 18
0 2 3 19
0 3 3 20
0 4 3 21
0 1 4 21
0 2 4 18
0 3 4 19
0 4 4 20
5 0 1 22
6 0 1 23
7 0 1 24
8 0 1 25
5 0 2 25
6 0 2 22
7 0 2 23
8 0 2 24
5 0 3 24
6 0 3 25
7 0 3 22
8 0 3 23
5 0 4 23
6 0 4 24
7 0 4 25
8 0 4 22
0 5 1 24
0 6 1 25
0 7 1 22
0 8 1 23
0 5 2 23
0 6 2 24
0 7 2 25
0 8 2 22
0 5 3 22
0 6 3 23
0 7 3 24
0 8 3 25
0 5 4 25
0 6 4 22
0 7 4 23
0 8 4 24
9 0 1 26
10 0 1 27
11 0 1 28
12 0 1 29
9 0 2 29
10 0 2 26
11 0 2 27
12 0 2 28
9 0 3 28
10 0 3 29
11 0 3 26
12 0 3 27
9 0 4 27
10 0 4 28
11 0 4 29
12 0 4 26
0 9 1 28
0 10 1 29
0 11 1 26
0 12 1 27
0 9 2 27
0 10 2 28
0 11 2 29
0 12 2 26
0 9 3 26
0 10 3 27
0 11 3 28
0 12 3 29
0 9 4 29
0 10 4 26
0 11 4 27
0 12 4 28
13 0 1 30
14 0 1 31
15 0 1 32
16 0 1 33
13 0 2 33
14 0 2 30
15 0 2 31
16 0 2 32
13 0 3 32
14 0 3 33
15 0 3 30
16 0 3 31
13 0 4 31
14 0 4 32
15 0 4 33
16 0 4 30
0 13 1 32
0 14 1 33
0 15 1 30
0 16 1 31
0 13 2 31
0 14 2 32
0 15 2 33
0 16 2 30
0 13 3 30
0 14 3 31
0 15 3 32
0 16 3 33
0 13 4 33
0 14 4 30
0 15 4 31
0 16 4 32
1 1 1 34
1 1 2 39
1 1 3 34
1 1 4 39
1 2 1 35
1 2 2 42
1 2 3 38
1 2 4 37
1 3 1 36
1 3 2 43
1 3 3 41
1 3 4 40
1 4 1 37
1 4 2 35
1 4 3 42
1 4 4 38
2 1 1 38
2 1 2 37
2 1 3 35
2 1 4 42
2 2 1 39
2 2 2 34
2 2 3 39
2 2 4 34
2 3 1 37
2 3 2 35
2 3 3 42
2 3 4 38
2 4 1 40
2 4 2 36
2 4 3 43
2 4 4 41
3 1 1 41
3 1 2 40
3 1 3 36
3 1 4 43
3 2 1 42
3 2 2 38
3 2 3 37
3 2 4 35
3 3 1 34
3 3 2 39
3 3 3 34
3 3 4 39
3 4 1 38
3 4 2 37
3 4 3 35
3 4 4 42
4 1 1 42
4 1 2 38
4 1 3 37
4 1 4 35
4 2 1 43
4 2 2 41
4 2 3 40
4 2 4 36
4 3 1 35
4 3 2 42
4 3 3 38
4 3 4 37
4 4 1 39
4 4 2 34
4 4 3 39
4 4 4 34
1 5 1 44
1 5 2 78
1 5 3 74
1 5 4 49
1 6 1 45
1 6 2 79
1 6 3 77
1 6 4 76
1 7 1 46
1 7 2 53
1 7 3 51
1 7 4 50
1 8 1 47
1 8 2 75
1 8 3 52
1 8 4 48
2 5 1 48
2 5 2 47
2 5 3 75
2 5 4 52
2 6 1 49
2 6 2 44
2 6 3 78
2 6 4 74
2 7 1 76
2 7 2 45
2 7 3 79
2 7 4 77
2 8 1 50
2 8 2 46
2 8 3 53
2 8 4 51
3 5 1 51
3 5 2 50
3 5 3 46
3 5 4 53
3 6 1 52
3 6 2 48
3 6 3 47
3 6 4 75
3 7 1 74
3 7 2 49
3 7 3 44
3 7 4 78
3 8 1 77
3 8 2 76
3 8 3 45
3 8 4 79
4 5 1 79
4 5 2 77
4 5 3 76
4 5 4 45
4 6 1 53
4 6 2 51
4 6 3 50
4 6 4 46
4 7 1 75
4 7 2 52
4 7 3 48
4 7 4 47
4 8 1 78
4 8 2 74
4 8 3 49
4 8 4 44
1 9 1 54
1 9 2 114
1 9 3 110
1 9 4 59
1 10 1 55
1 10 2 115
1 10 3 113
1 10 4 112
1 11 1 56
1 11 2 63
1 11 3 61
1 11 4 60
1 12 1 57
1 12 2 111
1 12 3 62
1 12 4 58
2 9 1 58
2 9 2 57
2 9 3 111
2 9 4 62
2 10 1 59
2 10 2 54
2 10 3 114
2 10 4 110
2 11 1 112
2 11 2 55
2 11 3 115
2 11 4 113
2 12 1 60
2 12 2 56
2 12 3 63
2 12 4 61
3 9 1 61
3 9 2 60
3 9 3 56
3 9 4 63
3 10 1 62
3 10 2 58
3 10 3 57
3 10 4 111
3 11 1 110
3 11 2 59
3 11 3 54
3 11 4 114
3 12 1 113
3 12 2 112
3 12 3 55
3 12 4 115
4 9 1 115
4 9 2 113
4 9 3 112
4 9 4 55
4 10 1 63
4 10 2 61
4 10 3 60
4 10 4 56
4 11 1 111
4 11 2 62
4 11 3 58
4 11 4 57
4 12 1 114
4 12 2 110
4 12 3 59
4 12 4 54
1 13 1 64
1 13 2 146
1 13 3 142
1 13 4 69
1 14 1 65
1 14 2 147
1 14 3 145
1 14 4 144
1 15 1 66
1 15 2 73
1 15 3 71
1 15 4 70
1 16 1 67
1 16 2 143
1 16 3 72
1 16 4 68
2 13 1 68
2 13 2 67
2 13 3 143
2 13 4 72
2 14 1 69
2 14 2 64
2 14 3 146
2 14 4 142
2 15 1 144
2 15 2 65
2 15 3 147
2 15 4 145
2 16 1 70
2 16 2 66
2 16 3 73
2 16 4 71
3 13 1 71
3 13 2 70
3 13 3 66
3 13 4 73
3 14 1 72
3 14 2 68
3 14 3 67
3 14 4 143
3 15 1 142
3 15 2 69
3 15 3 64
3 15 4 146
3 16 1 145
3 16 2 144
3 16 3 65
3 16 4 147
4 13 1 147
4 13 2 145
4 13 3 144
4 13 4 65
4 14 1 73
4 14 2 71
4 14 3 70
4 14 4 66
4 15 1 143
4 15 2 72
4 15 3 68
4 15 4 67
4 16 1 146
4 16 2 142
4 16 3 69
4 16 4 64
5 1 1 74
5 1 2 49
5 1 3 44
5 1 4 78
5 2 1 75
5 2 2 52
5 2 3 48
5 2 4 47
5 3 1 46
5 3 2 53
5 3 3 51
5 3 4 50
5 4 1 76
5 4 2 45
5 4 3 79
5 4 4 77
6 1 1 77
6 1 2 76
6 1 3 45
6 1 4 79
6 2 1 78
6 2 2 74
6 2 3 49
6 2 4 44
6 3 1 47
6 3 2 75
6 3 3 52
6 3 4 48
6 4 1 50
6 4 2 46
6 4 3 53
6 4 4 51
7 1 1 51
7 1 2 50
7 1 3 46
7 1 4 53
7 2 1 79
7 2 2 77
7 2 3 76
7 2 4 45
7 3 1 44
7 3 2 78
7 3 3 74
7 3 4 49
7 4 1 48
7 4 2 47
7 4 3 75
7 4 4 52
8 1 1 52
8 1 2 48
8 1 3 47
8 1 4 75
8 2 1 53
8 2 2 51
8 2 3 50
8 2 4 46
8 3 1 45
8 3 2 79
8 3 3 77
8 3 4 76
8 4 1 49
8 4 2 44
8 4 3 78
8 4 4 74
5 5 1 80
5 5 2 85
5 5 3 80
5 5 4 85
5 6 1 81
5 6 2 88
5 6 3 84
5 6 4 83
5 7 1 82
5 7 2 89
5 7 3 87
5 7 4 86
5 8 1 83
5 8 2 81
5 8 3 88
5 8 4 84
6 5 1 84
6 5 2 83
6 5 3 81
6 5 4 88
6 6 1 85
6 6 2 80
6 6 3 85
6 6 4 80
6 7 1 83
6 7 2 81
6 7 3 88
6 7 4 84
6 8 1 86
6 8 2 82
6 8 3 89
6 8 4 87
7 5 1 87
7 5 2 86
7 5 3 82
7 5 4 89
7 6 1 88
7 6 2 84
7 6 3 83
7 6 4 81
7 7 1 80
7 7 2 85
7 7 3 80
7 7 4 85
7 8 1 84
7 8 2 83
7 8 3 81
7 8 4 88
8 5 1 88
8 5 2 84
8 5 3 83
8 5 4 81
8 6 1 89
8 6 2 87
8 6 3 86
8 6 4 82
8 7 1 81
8 7 2 88
8 7 3 84
8 7 4 83
8 8 1 85
8 8 2 80
8 8 3 85
8 8 4 80
5 9 1 90
5 9 2 120
5 9 3 116
5 9 4 95
5 10 1 91
5 10 2 121
5 10 3 119
5 10 4 118
5 11 1 92
5 11 2 99
5 11 3 97
5 11 4 96
5 12 1 93
5 12 2 117
5 12 3 98
5 12 4 94
6 9 1 94
6 9 2 93
6 9 3 117
6 9 4 98
6 10 1 95
6 10 2 90
6 10 3 120
6 10 4 116
6 11 1 118
6 11 2 91
6 11 3 121
6 11 4 119
6 12 1 96
6 12 2 92
6 12 3 99
6 12 4 97
7 9 1 97
7 9 2 96
7 9 3 92
7 9 4 99
7 10 1 98
7 10 2 94
7 10 3 93
7 10 4 117
7 11 1 116
7 11 2 95
7 11 3 90
7 11 4 120
7 12 1 119
7 12 2 118
7 12 3 91
7 12 4 121
8 9 1 121
8 9 2 119
8 9 3 118
8 9 4 91
8 10 1 99
8 10 2 97
8 10 3 96
8 10 4 92
8 11 1 117
8 11 2 98
8 11 3 94
8 11 4 93
8 12 1 120
8 12 2 116
8 12 3 95
8 12 4 90
5 13 1 100
5 13 2 152
5 13 3 148
5 13 4 105
5 14 1 101
5 14 2 153
5 14 3 151
5 14 4 150
5 15 1 102
5 15 2 109
5 15 3 107
5 15 4 106
5 16 1 103
5 16 2 149
5 16 3 108
5 16 4 104
6 13 1 104
6 13 2 103
6 13 3 149
6 13 4 108
6 14 1 105
6 14 2 100
6 14 3 152
6 14 4 148
6 15 1 150
6 15 2 101
6 15 3 153
6 15 4 151
6 16 1 106
6 16 2 102
6 16 3 109
6 16 4 107
7 13 1 107
7 13 2 106
7 13 3 102
7 13 4 109
7 14 1 108
7 14 2 104
7 14 3 103
7 14 4 149
7 15 1 148
7 15 2 105
7 15 3 100
7 15 4 152
7 16 1 151
7 16 2 150
7 16 3 101
7 16 4 153
8 13 1 153
8 13 2 151
8 13 3 150
8 13 4 101
8 14 1 109
8 14 2 107
8 14 3 106
8 14 4 102
8 15 1 149
8 15 2 108
8 15 3 104
8 15 4 103
8 16 1 152
8 16 2 148
8 16 3 105
8 16 4 100
9 1 1 110
9 1 2 59
9 1 3 54
9 1 4 114
9 2 1 111
9 2 2 62
9 2 3 58
9 2 4 57
9 3 1 56
9 3 2 63
9 3 3 61
9 3 4 60
9 4 1 112
9 4 2 55
9 4 3 115
9 4 4 113
10 1 1 113
10 1 2 112
10 1 3 55
10 1 4 115
10 2 1 114
10 2 2 110
10 2 3 59
10 2 4 54
10 3 1 57
10 3 2 111
10 3 3 62
10 3 4 58
10 4 1 60
10 4 2 56
10 4 3 63
10 4 4 61
11 1 1 61
11 1 2 60
11 1 3 56
11 1 4 63
11 2 1 115
11 2 2 113
11 2 3 112
11 2 4 55
11 3 1 54
11 3 2 114
11 3 3 110
11 3 4 59
11 4 1 58
11 4 2 57
11 4 3 111
11 4 4 62
12 1 1 62
12 1 2 58
12 1 3 57
12 1 4 111
12 2 1 63
12 2 2 61
12 2 3 60
12 2 4 56
12 3 1 55
12 3 2 115
12 3 3 113
12 3 4 112
12 4 1 59
12 4 2 54
12 4 3 114
12 4 4 110
9 5 1 116
9 5 2 95
9 5 3 90
9 5 4 120
9 6 1 117
9 6 2 98
9 6 3 94
9 6 4 93
9 7 1 92
9 7 2 99
9 7 3 97
9 7 4 96
9 8 1 118
9 8 2 91
9 8 3 121
9 8 4 119
10 5 1 119
10 5 2 118
10 5 3 91
10 5 4 121
10 6 1 120
10 6 2 116
10 6 3 95
10 6 4 90
10 7 1 93
10 7 2 117
10 7 3 98
10 7 4 94
10 8 1 96
10 8 2 92
10 8 3 99
10 8 4 97
11 5 1 97
11 5 2 96
11 5 3 92
11 5 4 99
11 6 1 121
11 6 2 119
11 6 3 118
11 6 4 91
11 7 1 90
11 7 2 120
11 7 3 116
11 7 4 95
11 8 1 94
11 8 2 93
11 8 3 117
11 8 4 98
12 5 1 98
12 5 2 94
12 5 3 93
12 5 4 117
12 6 1 99
12 6 2 97
12 6 3 96
12 6 4 92
12 7 1 91
12 7 2 121
12 7 3 119
12 7 4 118
12 8 1 95
12 8 2 90
12 8 3 120
12 8 4 116
9 9 1 122
9 9 2 127
9 9 3 122
9 9 4 127
9 10 1 123
9 10 2 130
9 10 3 126
9 10 4 125
9 11 1 124
9 11 2 131
9 11 3 129
9 11 4 128
9 12 1 125
9 12 2 123
9 12 3 130
9 12 4 126
10 9 1 126
10 9 2 125
10 9 3 123
10 9 4 130
10 10 1 127
10 10 2 122
10 10 3 127
10 10 4 122
10 11 1 125
10 11 2 123
10 11 3 130
10 11 4 126
10 12 1 128
10 12 2 124
10 12 3 131
10 12 4 129
11 9 1 129
11 9 2 128
11 9 3 124
11 9 4 131
11 10 1 130
11 10 2 126
11 10 3 125
11 10 4 123
11 11 1 122
11 11 2 127
11 11 3 122
11 11 4 127
11 12 1 126
11 12 2 125
11 12 3 123
11 12 4 130
12 9 1 130
12 9 2 126
12 9 3 125
12 9 4 123
12 10 1 131
12 10 2 129
12 10 3 128
12 10 4 124
12 11 1 123
12 11 2 130
12 11 3 126
12 11 4 125
12 12 1 127
12 12 2 122
12 12 3 127
12 12 4 122
9 13 1 132
9 13 2 158
9 13 3 154
9 13 4 137
9 14 1 133
9 14 2 159
9 14 3 157
9 14 4 156
9 15 1 134
9 15 2 141
9 15 3 139
9 15 4 138
9 16 1 135
9 16 2 155
9 16 3 140
9 16 4 136
10 13 1 136
10 13 2 135
10 13 3 155
10 13 4 140
10 14 1 137
10 14 2 132
10 14 3 158
10 14 4 154
10 15 1 156
10 15 2 133
10 15 3 159
10 15 4 157
10 16 1 138
10 16 2 134
10 16 3 141
10 16 4 139
11 13 1 139
11 13 2 138
11 13 3 134
11 13 4 141
11 14 1 140
11 14 2 136
11 14 3 135
11 14 4 155
11 15 1 154
11 15 2 137
11 15 3 132
11 15 4 158
11 16 1 157
11 16 2 156
11 16 3 133
11 16 4 159
12 13 1 159
12 13 2 157
12 13 3 156
12 13 4 133
12 14 1 141
12 14 2 139
12 14 3 138
12 14 4 134
12 15 1 155
12 15 2 140
12 15 3 136
12 15 4 135
12 16 1 158
12 16 2 154
12 16 3 137
12 16 4 132
13 1 1 142
13 1 2 69
13 1 3 64
13 1 4 146
13 2 1 143
13 2 2 72
13 2 3 68
13 2 4 67
13 3 1 66
13 3 2 73
13 3 3 71
13 3 4 70
13 4 1 144
13 4 2 65
13 4 3 147
13 4 4 145
14 1 1 145
14 1 2 144
14 1 3 65
14 1 4 147
14 2 1 146
14 2 2 142
14 2 3 69
14 2 4 64
14 3 1 67
14 3 2 143
14 3 3 72
14 3 4 68
14 4 1 70
14 4 2 66
14 4 3 73
14 4 4 71
15 1 1 71
15 1 2 70
15 1 3 66
15 1 4 73
15 2 1 147
15 2 2 145
15 2 3 144
15 2 4 65
15 3 1 64
15 3 2 146
15 3 3 142
15 3 4 69
15 4 1 68
15 4 2 67
15 4 3 143
15 4 4 72
16 1 1 72
16 1 2 68
16 1 3 67
16 1 4 143
16 2 1 73
16 2 2 71
16 2 3 70
16 2 4 66
16 3 1 65
16 3 2 147
16 3 3 145
16 3 4 144
16 4 1 69
16 4 2 64
16 4 3 146
16 4 4 142
13 5 1 148
13 5 2 105
13 5 3 100
13 5 4 152
13 6 1 149
13 6 2 108
13 6 3 104
13 6 4 103
13 7 1 102
13 7 2 109
13 7 3 107
13 7 4 106
13 8 1 150
13 8 2 101
13 8 3 153
13 8 4 151
14 5 1 151
14 5 2 150
14 5 3 101
14 5 4 153
14 6 1 152
14 6 2 148
14 6 3 105
14 6 4 100
14 7 1 103
14 7 2 149
14 7 3 108
14 7 4 104
14 8 1 106
14 8 2 102
14 8 3 109
14 8 4 107
15 5 1 107
15 5 2 106
15 5 3 102
15 5 4 109
15 6 1 153
15 6 2 151
15 6 3 150
15 6 4 101
15 7 1 100
15 7 2 152
15 7 3 148
15 7 4 105
15 8 1 104
15 8 2 103
15 8 3 149
15 8 4 108
16 5 1 108
16 5 2 104
16 5 3 103
16 5 4 149
16 6 1 109
16 6 2 107
16 6 3 106
16 6 4 102
16 7 1 101
16 7 2 153
16 7 3 151
16 7 4 150
16 8 1 105
16 8 2 100
16 8 3 152
16 8 4 148
13 9 1 154
13 9 2 137
13 9 3 132
13 9 4 158
13 10 1 155
13 10 2 140
13 10 3 136
13 10 4 135
13 11 1 134
13 11 2 141
13 11 3 139
13 11 4 138
13 12 1 156
13 12 2 133
13 12 3 159
13 12 4 157
14 9 1 157
14 9 2 156
14 9 3 133
14 9 4 159
14 10 1 158
14 10 2 154
14 10 3 137
14 10 4 132
14 11 1 135
14 11 2 155
14 11 3 140
14 11 4 136
14 12 1 138
14 12 2 134
14 12 3 141
14 12 4 139
15 9 1 139
15 9 2 138
15 9 3 134
15 9 4 141
15 10 1 159
15 10 2 157
15 10 3 156
15 10 4 133
15 11 1 132
15 11 2 158
15 11 3 154
15 11 4 137
15 12 1 136
15 12 2 135
15 12 3 155
15 12 4 140
16 9 1 140
16 9 2 136
16 9 3 135
16 9 4 155
16 10 1 141
16 10 2 139
16 10 3 138
16 10 4 134
16 11 1 133
16 11 2 159
16 11 3 157
16 11 4 156
16 12 1 137
16 12 2 132
16 12 3 158
16 12 4 154
13 13 1 160
13 13 2 165
13 13 3 160
13 13 4 165
13 14 1 161
13 14 2 168
13 14 3 164
13 14 4 163
13 15 1 162
13 15 2 169
13 15 3 167
13 15 4 166
13 16 1 163
13 16 2 161
13 16 3 168
13 16 4 164
14 13 1 164
14 13 2 163
14 13 3 161
14 13 4 168
14 14 1 165
14 14 2 160
14 14 3 165
14 14 4 160
14 15 1 163
14 15 2 161
14 15 3 168
14 15 4 164
14 16 1 166
14 16 2 162
14 16 3 169
14 16 4 167
15 13 1 167
15 13 2 166
15 13 3 162
15 13 4 169
15 14 1 168
15 14 2 164
15 14 3 163
15 14 4 161
15 15 1 160
15 15 2 165
15 15 3 160
15 15 4 165
15 16 1 164
15 16 2 163
15 16 3 161
15 16 4 168
16 13 1 168
16 13 2 164
16 13 3 163
16 13 4 161
16 14 1 169
16 14 2 167
16 14 3 166
16 14 4 162
16 15 1 161
16 15 2 168
16 15 3 164
16 15 4 163
16 16 1 165
16 16 2 160
16 16 3 165
16 16 4 160
#END