0 0 0 0
1 1 0 1
2 2 0 2
3 3 0 3
4 4 0 4
0 0 1 5
0 0 2 5
0 0 3 5
0 0 4 5
1 0 1 6
2 0 1 7
3 0 1 8
4 0 1 9
1 0 2 9
2 0 2 6
3 0 2 7
4 0 2 8
1 0 3 8
2 0 3 9
3 0 3 6
4 0 3 7
1 0 4 7
2 0 4 8
3 0 4 9
4 0 4 6
0 1 1 8
0 2 1 9
0 3 1 6
0 4 1 7
0 1 2 7
0 2 2 8
0 3 2 9
0 4 2 6
0 1 3 6
0 2 3 7
0 3 3 8
0 4 3 9
0 1 4 9
0 2 4 6
0 3 4 7
0 4 4 8
1 1 1 10
1 1 2 15
1 1 3 10
1 1 4 15
1 2 1 11
1 2 2 18
1 2 3 14
1 2 4 13
1 3 1 12
1 3 2 19
1 3 3 17
1 3 4 16
1 4 1 13
1 4 2 11
1 4 3 18
1 4 4 14
2 1 1 14
2 1 2 13
2 1 3 11
2 1 4 18
2 2 1 15
2 2 2 10
2 2 3 15
2 2 4 10
2 3 1 13
2 3 2 11
2 3 3 18
2 3 4 14
2 4 1 16
2 4 2 12
2 4 3 19
2 4 4 17
3 1 1 17
3 1 2 16
3 1 3 12
3 1 4 19
3 2 1 18
3 2 2 14
3 2 3 13
3 2 4 11
3 3 1 10
3 3 2 15
3 3 3 10
3 3 4 15
3 4 1 14
3 4 2 13
3 4 3 11
3 4 4 18
4 1 1 18
4 1 2 14
4 1 3 13
4 1 4 11
4 2 1 19
4 2 2 17
4 2 3 16
4 2 4 12
4 3 1 11
4 3 2 18
4 3 3 14
4 3 4 13
4 4 1 15
4 4 2 10
4 4 3 15
4 4 4 10
#END