0 0 0 0
1 1 0 1
2 2 0 2
3 3 0 3
4 4 0 4
5 5 0 5
6 6 0 6
7 7 0 7
8 8 0 8
0 0 1 9
0 0 2 9
0 0 3 9
0 0 4 9
1 0 1 10
2 0 1 11
3 0 1 12
4 0 1 13
1 0 2 13
2 0 2 10
3 0 2 11
4 0 2 12
1 0 3 12
2 0 3 13
3 0 3 10
4 0 3 11
1 0 4 11
2 0 4 12
3 0 4 13
4 0 4 10
0 1 1 12
0 2 1 13
0 3 1 10
0 4 1 11
0 1 2 11
0 2 2 12
0 3 2 13
0 4 2 10
0 1 3 10
0 2 3 11
0 3 3 12
0 4 3 13
0 1 4 13
0 2 4 10
0 3 4 11
0 4 4 12
5 0 1 14
6 0 1 15
7 0 1 16
8 0 1 17
5 0 2 17
6 0 2 14
7 0 2 15
8 0 2 16
5 0 3 16
6 0 3 17
7 0 3 14
8 0 3 15
5 0 4 15
6 0 4 16
7 0 4 17
8 0 4 14
0 5 1 16
0 6 1 17
0 7 1 14
0 8 1 15
0 5 2 15
0 6 2 16
0 7 2 17
0 8 2 14
0 5 3 14
0 6 3 15
0 7 3 16
0 8 3 17
0 5 4 17
0 6 4 14
0 7 4 15
0 8 4 16
1 1 1 18
1 1 2 23
1 1 3 18
1 1 4 23
1 2 1 19
1 2 2 26
1 2 3 22
1 2 4 21
1 3 1 20
1 3 2 27
1 3 3 25
1 3 4 24
1 4 1 21
1 4 2 19
1 4 3 26
1 4 4 22
2 1 1 22
2 1 2 21
2 1 3 19
2 1 4 26
2 2 1 23
2 2 2 18
2 2 3 23
2 2 4 18
2 3 1 21
2 3 2 19
2 3 3 26
2 3 4 22
2 4 1 24
2 4 2 20
2 4 3 27
2 4 4 25
3 1 1 25
3 1 2 24
3 1 3 20
3 1 4 27
3 2 1 26
3 2 2 22
3 2 3 21
3 2 4 19
3 3 1 18
3 3 2 23
3 3 3 18
3 3 4 23
3 4 1 22
3 4 2 21
3 4 3 19
3 4 4 26
4 1 1 26
4 1 2 22
4 1 3 21
4 1 4 19
4 2 1 27
4 2 2 25
4 2 3 24
4 2 4 20
4 3 1 19
4 3 2 26
4 3 3 22
4 3 4 21
4 4 1 23
4 4 2 18
4 4 3 23
4 4 4 18
1 5 1 28
1 5 2 42
1 5 3 38
1 5 4 33
1 6 1 29
1 6 2 43
1 6 3 41
1 6 4 40
1 7 1 30
1 7 2 37
1 7 3 35
1 7 4 34
1 8 1 31
1 8 2 39
1 8 3 36
1 8 4 32
2 5 1 32
2 5 2 31
2 5 3 39
2 5 4 36
2 6 1 33
2 6 2 28
2 6 3 42
2 6 4 38
2 7 1 40
2 7 2 29
2 7 3 43
2 7 4 41
2 8 1 34
2 8 2 30
2 8 3 37
2 8 4 35
3 5 1 35
3 5 2 34
3 5 3 30
3 5 4 37
3 6 1 36
3 6 2 32
3 6 3 31
3 6 4 39
3 7 1 38
3 7 2 33
3 7 3 28
3 7 4 42
3 8 1 41
3 8 2 40
3 8 3 29
3 8 4 43
4 5 1 43
4 5 2 41
4 5 3 40
4 5 4 29
4 6 1 37
4 6 2 35
4 6 3 34
4 6 4 30
4 7 1 39
4 7 2 36
4 7 3 32
4 7 4 31
4 8 1 42
4 8 2 38
4 8 3 33
4 8 4 28
5 1 1 38
5 1 2 33
5 1 3 28
5 1 4 42
5 2 1 39
5 2 2 36
5 2 3 32
5 2 4 31
5 3 1 30
5 3 2 37
5 3 3 35
5 3 4 34
5 4 1 40
5 4 2 29
5 4 3 43
5 4 4 41
6 1 1 41
6 1 2 40
6 1 3 29
6 1 4 43
6 2 1 42
6 2 2 38
6 2 3 33
6 2 4 28
6 3 1 31
6 3 2 39
6 3 3 36
6 3 4 32
6 4 1 34
6 4 2 30
6 4 3 37
6 4 4 35
7 1 1 35
7 1 2 34
7 1 3 30
7 1 4 37
7 2 1 43
7 2 2 41
7 2 3 40
7 2 4 29
7 3 1 28
7 3 2 42
7 3 3 38
7 3 4 33
7 4 1 32
7 4 2 31
7 4 3 39
7 4 4 36
8 1 1 36
8 1 2 32
8 1 3 31
8 1 4 39
8 2 1 37
8 2 2 35
8 2 3 34
8 2 4 30
8 3 1 29
8 3 2 43
8 3 3 41
8 3 4 40
8 4 1 33
8 4 2 28
8 4 3 42
8 4 4 38
5 5 1 44
5 5 2 49
5 5 3 44
5 5 4 49
5 6 1 45
5 6 2 52
5 6 3 48
5 6 4 47
5 7 1 46
5 7 2 53
5 7 3 51
5 7 4 50
5 8 1 47
5 8 2 45
5 8 3 52
5 8 4 48
6 5 1 48
6 5 2 47
6 5 3 45
6 5 4 52
6 6 1 49
6 6 2 44
6 6 3 49
6 6 4 44
6 7 1 47
6 7 2 45
6 7 3 52
6 7 4 48
6 8 1 50
6 8 2 46
6 8 3 53
6 8 4 51
7 5 1 51
7 5 2 50
7 5 3 46
7 5 4 53
7 6 1 52
7 6 2 48
7 6 3 47
7 6 4 45
7 7 1 44
7 7 2 49
7 7 3 44
7 7 4 49
7 8 1 48
7 8 2 47
7 8 3 45
7 8 4 52
8 5 1 52
8 5 2 48
8 5 3 47
8 5 4 45
8 6 1 53
8 6 2 51
8 6 3 50
8 6 4 46
8 7 1 45
8 7 2 52
8 7 3 48
8 7 4 47
8 8 1 49
8 8 2 44
8 8 3 49
8 8 4 44
#END