0 0 0 0
1 1 0 1
2 2 0 2
3 3 0 3
4 4 0 4
5 5 0 5
6 6 0 6
7 7 0 7
8 8 0 8
9 9 0 9
10 10 0 10
11 11 0 11
12 12 0 12
13 13 0 13
14 14 0 14
15 15 0 15
16 16 0 16
17 17 0 17
18 18 0 18
19 19 0 19
20 20 0 20
21 21 0 21
22 22 0 22
23 23 0 23
24 24 0 24
0 0 1 25
0 0 2 25
0 0 3 25
0 0 4 25
1 0 1 26
2 0 1 27
3 0 1 28
4 0 1 29
1 0 2 29
2 0 2 26
3 0 2 27
4 0 2 28
1 0 3 28
2 0 3 29
3 0 3 26
4 0 3 27
1 0 4 27
2 0 4 28
3 0 4 29
4 0 4 26
0 1 1 28
0 2 1 29
0 3 1 26
0 4 1 27
0 1 2 27
0 2 2 28
0 3 2 29
0 4 2 26
0 1 3 26
0 2 3 27
0 3 3 28
0 4 3 29
0 1 4 29
0 2 4 26
0 3 4 27
0 4 4 28
5 0 1 30
6 0 1 31
7 0 1 32
8 0 1 33
5 0 2 33
6 0 2 30
7 0 2 31
8 0 2 32
5 0 3 32
6 0 3 33
7 0 3 30
8 0 3 31
5 0 4 31
6 0 4 32
7 0 4 33
8 0 4 30
0 5 1 32
0 6 1 33
0 7 1 30
0 8 1 31
0 5 2 31
0 6 2 32
0 7 2 33
0 8 2 30
0 5 3 30
0 6 3 31
0 7 3 32
0 8 3 33
0 5 4 33
0 6 4 30
0 7 4 31
0 8 4 32
9 0 1 34
10 0 1 35
11 0 1 36
12 0 1 37
9 0 2 37
10 0 2 34
11 0 2 35
12 0 2 36
9 0 3 36
10 0 3 37
11 0 3 34
12 0 3 35
9 0 4 35
10 0 4 36
11 0 4 37
12 0 4 34
0 9 1 36
0 10 1 37
0 11 1 34
0 12 1 35
0 9 2 35
0 10 2 36
0 11 2 37
0 12 2 34
0 9 3 34
0 10 3 35
0 11 3 36
0 12 3 37
0 9 4 37
0 10 4 34
0 11 4 35
0 12 4 36
13 0 1 38
14 0 1 39
15 0 1 40
16 0 1 41
13 0 2 41
14 0 2 38
15 0 2 39
16 0 2 40
13 0 3 40
14 0 3 41
15 0 3 38
16 0 3 39
13 0 4 39
14 0 4 40
15 0 4 41
16 0 4 38
0 13 1 40
0 14 1 41
0 15 1 38
0 16 1 39
0 13 2 39
0 14 2 40
0 15 2 41
0 16 2 38
0 13 3 38
0 14 3 39
0 15 3 40
0 16 3 41
0 13 4 41
0 14 4 38
0 15 4 39
0 16 4 40
17 0 1 42
18 0 1 43
19 0 1 44
20 0 1 45
17 0 2 45
18 0 2 42
19 0 2 43
20 0 2 44
17 0 3 44
18 0 3 45
19 0 3 42
20 0 3 43
17 0 4 43
18 0 4 44
19 0 4 45
20 0 4 42
0 17 1 44
0 18 1 45
0 19 1 42
0 20 1 43
0 17 2 43
0 18 2 44
0 19 2 45
0 20 2 42
0 17 3 42
0 18 3 43
0 19 3 44
0 20 3 45
0 17 4 45
0 18 4 42
0 19 4 43
0 20 4 44
21 0 1 46
22 0 1 47
23 0 1 48
24 0 1 49
21 0 2 49
22 0 2 46
23 0 2 47
24 0 2 48
21 0 3 48
22 0 3 49
23 0 3 46
24 0 3 47
21 0 4 47
22 0 4 48
23 0 4 49
24 0 4 46
0 21 1 48
0 22 1 49
0 23 1 46
0 24 1 47
0 21 2 47
0 22 2 48
0 23 2 49
0 24 2 46
0 21 3 46
0 22 3 47
0 23 3 48
0 24 3 49
0 21 4 49
0 22 4 46
0 23 4 47
0 24 4 48
1 1 1 50
1 1 2 55
1 1 3 50
1 1 4 55
1 2 1 51
1 2 2 58
1 2 3 54
1 2 4 53
1 3 1 52
1 3 2 59
1 3 3 57
1 3 4 56
1 4 1 53
1 4 2 51
1 4 3 58
1 4 4 54
2 1 1 54
2 1 2 53
2 1 3 51
2 1 4 58
2 2 1 55
2 2 2 50
2 2 3 55
2 2 4 50
2 3 1 53
2 3 2 51
2 3 3 58
2 3 4 54
2 4 1 56
2 4 2 52
2 4 3 59
2 4 4 57
3 1 1 57
3 1 2 56
3 1 3 52
3 1 4 59
3 2 1 58
3 2 2 54
3 2 3 53
3 2 4 51
3 3 1 50
3 3 2 55
3 3 3 50
3 3 4 55
3 4 1 54
3 4 2 53
3 4 3 51
3 4 4 58
4 1 1 58
4 1 2 54
4 1 3 53
4 1 4 51
4 2 1 59
4 2 2 57
4 2 3 56
4 2 4 52
4 3 1 51
4 3 2 58
4 3 3 54
4 3 4 53
4 4 1 55
4 4 2 50
4 4 3 55
4 4 4 50
1 5 1 60
1 5 2 114
1 5 3 110
1 5 4 65
1 6 1 61
1 6 2 115
1 6 3 113
1 6 4 112
1 7 1 62
1 7 2 69
1 7 3 67
1 7 4 66
1 8 1 63
1 8 2 111
1 8 3 68
1 8 4 64
2 5 1 64
2 5 2 63
2 5 3 111
2 5 4 68
2 6 1 65
2 6 2 60
2 6 3 114
2 6 4 110
2 7 1 112
2 7 2 61
2 7 3 115
2 7 4 113
2 8 1 66
2 8 2 62
2 8 3 69
2 8 4 67
3 5 1 67
3 5 2 66
3 5 3 62
3 5 4 69
3 6 1 68
3 6 2 64
3 6 3 63
3 6 4 111
3 7 1 110
3 7 2 65
3 7 3 60
3 7 4 114
3 8 1 113
3 8 2 112
3 8 3 61
3 8 4 115
4 5 1 115
4 5 2 113
4 5 3 112
4 5 4 61
4 6 1 69
4 6 2 67
4 6 3 66
4 6 4 62
4 7 1 111
4 7 2 68
4 7 3 64
4 7 4 63
4 8 1 114
4 8 2 110
4 8 3 65
4 8 4 60
1 9 1 70
1 9 2 170
1 9 3 166
1 9 4 75
1 10 1 71
1 10 2 171
1 10 3 169
1 10 4 168
1 11 1 72
1 11 2 79
1 11 3 77
1 11 4 76
1 12 1 73
1 12 2 167
1 12 3 78
1 12 4 74
2 9 1 74
2 9 2 73
2 9 3 167
2 9 4 78
2 10 1 75
2 10 2 70
2 10 3 170
2 10 4 166
2 11 1 168
2 11 2 71
2 11 3 171
2 11 4 169
2 12 1 76
2 12 2 72
2 12 3 79
2 12 4 77
3 9 1 77
3 9 2 76
3 9 3 72
3 9 4 79
3 10 1 78
3 10 2 74
3 10 3 73
3 10 4 167
3 11 1 166
3 11 2 75
3 11 3 70
3 11 4 170
3 12 1 169
3 12 2 168
3 12 3 71
3 12 4 171
4 9 1 171
4 9 2 169
4 9 3 168
4 9 4 71
4 10 1 79
4 10 2 77
4 10 3 76
4 10 4 72
4 11 1 167
4 11 2 78
4 11 3 74
4 11 4 73
4 12 1 170
4 12 2 166
4 12 3 75
4 12 4 70
1 13 1 80
1 13 2 222
1 13 3 218
1 13 4 85
1 14 1 81
1 14 2 223
1 14 3 221
1 14 4 220
1 15 1 82
1 15 2 89
1 15 3 87
1 15 4 86
1 16 1 83
1 16 2 219
1 16 3 88
1 16 4 84
2 13 1 84
2 13 2 83
2 13 3 219
2 13 4 88
2 14 1 85
2 14 2 80
2 14 3 222
2 14 4 218
2 15 1 220
2 15 2 81
2 15 3 223
2 15 4 221
2 16 1 86
2 16 2 82
2 16 3 89
2 16 4 87
3 13 1 87
3 13 2 86
3 13 3 82
3 13 4 89
3 14 1 88
3 14 2 84
3 14 3 83
3 14 4 219
3 15 1 218
3 15 2 85
3 15 3 80
3 15 4 222
3 16 1 221
3 16 2 220
3 16 3 81
3 16 4 223
4 13 1 223
4 13 2 221
4 13 3 220
4 13 4 81
4 14 1 89
4 14 2 87
4 14 3 86
4 14 4 82
4 15 1 219
4 15 2 88
4 15 3 84
4 15 4 83
4 16 1 222
4 16 2 218
4 16 3 85
4 16 4 80
1 17 1 90
1 17 2 270
1 17 3 266
1 17 4 95
1 18 1 91
1 18 2 271
1 18 3 269
1 18 4 268
1 19 1 92
1 19 2 99
1 19 3 97
1 19 4 96
1 20 1 93
1 20 2 267
1 20 3 98
1 20 4 94
2 17 1 94
2 17 2 93
2 17 3 267
2 17 4 98
2 18 1 95
2 18 2 90
2 18 3 270
2 18 4 266
2 19 1 268
2 19 2 91
2 19 3 271
2 19 4 269
2 20 1 96
2 20 2 92
2 20 3 99
2 20 4 97
3 17 1 97
3 17 2 96
3 17 3 92
3 17 4 99
3 18 1 98
3 18 2 94
3 18 3 93
3 18 4 267
3 19 1 266
3 19 2 95
3 19 3 90
3 19 4 270
3 20 1 269
3 20 2 268
3 20 3 91
3 20 4 271
4 17 1 271
4 17 2 269
4 17 3 268
4 17 4 91
4 18 1 99
4 18 2 97
4 18 3 96
4 18 4 92
4 19 1 267
4 19 2 98
4 19 3 94
4 19 4 93
4 20 1 270
4 20 2 266
4 20 3 95
4 20 4 90
1 21 1 100
1 21 2 314
1 21 3 310
1 21 4 105
1 22 1 101
1 22 2 315
1 22 3 313
1 22 4 312
1 23 1 102
1 23 2 109
1 23 3 107
1 23 4 106
1 24 1 103
1 24 2 311
1 24 3 108
1 24 4 104
2 21 1 104
2 21 2 103
2 21 3 311
2 21 4 108
2 22 1 105
2 22 2 100
2 22 3 314
2 22 4 310
2 23 1 312
2 23 2 101
2 23 3 315
2 23 4 313
2 24 1 106
2 24 2 102
2 24 3 109
2 24 4 107
3 21 1 107
3 21 2 106
3 21 3 102
3 21 4 109
3 22 1 108
3 22 2 104
3 22 3 103
3 22 4 311
3 23 1 310
3 23 2 105
3 23 3 100
3 23 4 314
3 24 1 313
3 24 2 312
3 24 3 101
3 24 4 315
4 21 1 315
4 21 2 313
4 21 3 312
4 21 4 101
4 22 1 109
4 22 2 107
4 22 3 106
4 22 4 102
4 23 1 311
4 23 2 108
4 23 3 104
4 23 4 103
4 24 1 314
4 24 2 310
4 24 3 105
4 24 4 100
5 1 1 110
5 1 2 65
5 1 3 60
5 1 4 114
5 2 1 111
5 2 2 68
5 2 3 64
5 2 4 63
5 3 1 62
5 3 2 69
5 3 3 67
5 3 4 66
5 4 1 112
5 4 2 61
5 4 3 115
5 4 4 113
6 1 1 113
6 1 2 112
6 1 3 61
6 1 4 115
6 2 1 114
6 2 2 110
6 2 3 65
6 2 4 60
6 3 1 63
6 3 2 111
6 3 3 68
6 3 4 64
6 4 1 66
6 4 2 62
6 4 3 69
6 4 4 67
7 1 1 67
7 1 2 66
7 1 3 62
7 1 4 69
7 2 1 115
7 2 2 113
7 2 3 112
7 2 4 61
7 3 1 60
7 3 2 114
7 3 3 110
7 3 4 65
7 4 1 64
7 4 2 63
7 4 3 111
7 4 4 68
8 1 1 68
8 1 2 64
8 1 3 63
8 1 4 111
8 2 1 69
8 2 2 67
8 2 3 66
8 2 4 62
8 3 1 61
8 3 2 115
8 3 3 113
8 3 4 112
8 4 1 65
8 4 2 60
8 4 3 114
8 4 4 110
5 5 1 116
5 5 2 121
5 5 3 116
5 5 4 121
5 6 1 117
5 6 2 124
5 6 3 120
5 6 4 119
5 7 1 118
5 7 2 125
5 7 3 123
5 7 4 122
5 8 1 119
5 8 2 117
5 8 3 124
5 8 4 120
6 5 1 120
6 5 2 119
6 5 3 117
6 5 4 124
6 6 1 121
6 6 2 116
6 6 3 121
6 6 4 116
6 7 1 119
6 7 2 117
6 7 3 124
6 7 4 120
6 8 1 122
6 8 2 118
6 8 3 125
6 8 4 123
7 5 1 123
7 5 2 122
7 5 3 118
7 5 4 125
7 6 1 124
7 6 2 120
7 6 3 119
7 6 4 117
7 7 1 116
7 7 2 121
7 7 3 116
7 7 4 121
7 8 1 120
7 8 2 119
7 8 3 117
7 8 4 124
8 5 1 124
8 5 2 120
8 5 3 119
8 5 4 117
8 6 1 125
8 6 2 123
8 6 3 122
8 6 4 118
8 7 1 117
8 7 2 124
8 7 3 120
8 7 4 119
8 8 1 121
8 8 2 116
8 8 3 121
8 8 4 116
5 9 1 126
5 9 2 176
5 9 3 172
5 9 4 131
5 10 1 127
5 10 2 177
5 10 3 175
5 10 4 174
5 11 1 128
5 11 2 135
5 11 3 133
5 11 4 132
5 12 1 129
5 12 2 173
5 12 3 134
5 12 4 130
6 9 1 130
6 9 2 129
6 9 3 173
6 9 4 134
6 10 1 131
6 10 2 126
6 10 3 176
6 10 4 172
6 11 1 174
6 11 2 127
6 11 3 177
6 11 4 175
6 12 1 132
6 12 2 128
6 12 3 135
6 12 4 133
7 9 1 133
7 9 2 132
7 9 3 128
7 9 4 135
7 10 1 134
7 10 2 130
7 10 3 129
7 10 4 173
7 11 1 172
7 11 2 131
7 11 3 126
7 11 4 176
7 12 1 175
7 12 2 174
7 12 3 127
7 12 4 177
8 9 1 177
8 9 2 175
8 9 3 174
8 9 4 127
8 10 1 135
8 10 2 133
8 10 3 132
8 10 4 128
8 11 1 173
8 11 2 134
8 11 3 130
8 11 4 129
8 12 1 176
8 12 2 172
8 12 3 131
8 12 4 126
5 13 1 136
5 13 2 228
5 13 3 224
5 13 4 141
5 14 1 137
5 14 2 229
5 14 3 227
5 14 4 226
5 15 1 138
5 15 2 145
5 15 3 143
5 15 4 142
5 16 1 139
5 16 2 225
5 16 3 144
5 16 4 140
6 13 1 140
6 13 2 139
6 13 3 225
6 13 4 144
6 14 1 141
6 14 2 136
6 14 3 228
6 14 4 224
6 15 1 226
6 15 2 137
6 15 3 229
6 15 4 227
6 16 1 142
6 16 2 138
6 16 3 145
6 16 4 143
7 13 1 143
7 13 2 142
7 13 3 138
7 13 4 145
7 14 1 144
7 14 2 140
7 14 3 139
7 14 4 225
7 15 1 224
7 15 2 141
7 15 3 136
7 15 4 228
7 16 1 227
7 16 2 226
7 16 3 137
7 16 4 229
8 13 1 229
8 13 2 227
8 13 3 226
8 13 4 137
8 14 1 145
8 14 2 143
8 14 3 142
8 14 4 138
8 15 1 225
8 15 2 144
8 15 3 140
8 15 4 139
8 16 1 228
8 16 2 224
8 16 3 141
8 16 4 136
5 17 1 146
5 17 2 276
5 17 3 272
5 17 4 151
5 18 1 147
5 18 2 277
5 18 3 275
5 18 4 274
5 19 1 148
5 19 2 155
5 19 3 153
5 19 4 152
5 20 1 149
5 20 2 273
5 20 3 154
5 20 4 150
6 17 1 150
6 17 2 149
6 17 3 273
6 17 4 154
6 18 1 151
6 18 2 146
6 18 3 276
6 18 4 272
6 19 1 274
6 19 2 147
6 19 3 277
6 19 4 275
6 20 1 152
6 20 2 148
6 20 3 155
6 20 4 153
7 17 1 153
7 17 2 152
7 17 3 148
7 17 4 155
7 18 1 154
7 18 2 150
7 18 3 149
7 18 4 273
7 19 1 272
7 19 2 151
7 19 3 146
7 19 4 276
7 20 1 275
7 20 2 274
7 20 3 147
7 20 4 277
8 17 1 277
8 17 2 275
8 17 3 274
8 17 4 147
8 18 1 155
8 18 2 153
8 18 3 152
8 18 4 148
8 19 1 273
8 19 2 154
8 19 3 150
8 19 4 149
8 20 1 276
8 20 2 272
8 20 3 151
8 20 4 146
5 21 1 156
5 21 2 320
5 21 3 316
5 21 4 161
5 22 1 157
5 22 2 321
5 22 3 319
5 22 4 318
5 23 1 158
5 23 2 165
5 23 3 163
5 23 4 162
5 24 1 159
5 24 2 317
5 24 3 164
5 24 4 160
6 21 1 160
6 21 2 159
6 21 3 317
6 21 4 164
6 22 1 161
6 22 2 156
6 22 3 320
6 22 4 316
6 23 1 318
6 23 2 157
6 23 3 321
6 23 4 319
6 24 1 162
6 24 2 158
6 24 3 165
6 24 4 163
7 21 1 163
7 21 2 162
7 21 3 158
7 21 4 165
7 22 1 164
7 22 2 160
7 22 3 159
7 22 4 317
7 23 1 316
7 23 2 161
7 23 3 156
7 23 4 320
7 24 1 319
7 24 2 318
7 24 3 157
7 24 4 321
8 21 1 321
8 21 2 319
8 21 3 318
8 21 4 157
8 22 1 165
8 22 2 163
8 22 3 162
8 22 4 158
8 23 1 317
8 23 2 164
8 23 3 160
8 23 4 159
8 24 1 320
8 24 2 316
8 24 3 161
8 24 4 156
9 1 1 166
9 1 2 75
9 1 3 70
9 1 4 170
9 2 1 167
9 2 2 78
9 2 3 74
9 2 4 73
9 3 1 72
9 3 2 79
9 3 3 77
9 3 4 76
9 4 1 168
9 4 2 71
9 4 3 171
9 4 4 169
10 1 1 169
10 1 2 168
10 1 3 71
10 1 4 171
10 2 1 170
10 2 2 166
10 2 3 75
10 2 4 70
10 3 1 73
10 3 2 167
10 3 3 78
10 3 4 74
10 4 1 76
10 4 2 72
10 4 3 79
10 4 4 77
11 1 1 77
11 1 2 76
11 1 3 72
11 1 4 79
11 2 1 171
11 2 2 169
11 2 3 168
11 2 4 71
11 3 1 70
11 3 2 170
11 3 3 166
11 3 4 75
11 4 1 74
11 4 2 73
11 4 3 167
11 4 4 78
12 1 1 78
12 1 2 74
12 1 3 73
12 1 4 167
12 2 1 79
12 2 2 77
12 2 3 76
12 2 4 72
12 3 1 71
12 3 2 171
12 3 3 169
12 3 4 168
12 4 1 75
12 4 2 70
12 4 3 170
12 4 4 166
9 5 1 172
9 5 2 131
9 5 3 126
9 5 4 176
9 6 1 173
9 6 2 134
9 6 3 130
9 6 4 129
9 7 1 128
9 7 2 135
9 7 3 133
9 7 4 132
9 8 1 174
9 8 2 127
9 8 3 177
9 8 4 175
10 5 1 175
10 5 2 174
10 5 3 127
10 5 4 177
10 6 1 176
10 6 2 172
10 6 3 131
10 6 4 126
10 7 1 129
10 7 2 173
10 7 3 134
10 7 4 130
10 8 1 132
10 8 2 128
10 8 3 135
10 8 4 133
11 5 1 133
11 5 2 132
11 5 3 128
11 5 4 135
11 6 1 177
11 6 2 175
11 6 3 174
11 6 4 127
11 7 1 126
11 7 2 176
11 7 3 172
11 7 4 131
11 8 1 130
11 8 2 129
11 8 3 173
11 8 4 134
12 5 1 134
12 5 2 130
12 5 3 129
12 5 4 173
12 6 1 135
12 6 2 133
12 6 3 132
12 6 4 128
12 7 1 127
12 7 2 177
12 7 3 175
12 7 4 174
12 8 1 131
12 8 2 126
12 8 3 176
12 8 4 172
9 9 1 178
9 9 2 183
9 9 3 178
9 9 4 183
9 10 1 179
9 10 2 186
9 10 3 182
9 10 4 181
9 11 1 180
9 11 2 187
9 11 3 185
9 11 4 184
9 12 1 181
9 12 2 179
9 12 3 186
9 12 4 182
10 9 1 182
10 9 2 181
10 9 3 179
10 9 4 186
10 10 1 183
10 10 2 178
10 10 3 183
10 10 4 178
10 11 1 181
10 11 2 179
10 11 3 186
10 11 4 182
10 12 1 184
10 12 2 180
10 12 3 187
10 12 4 185
11 9 1 185
11 9 2 184
11 9 3 180
11 9 4 187
11 10 1 186
11 10 2 182
11 10 3 181
11 10 4 179
11 11 1 178
11 11 2 183
11 11 3 178
11 11 4 183
11 12 1 182
11 12 2 181
11 12 3 179
11 12 4 186
12 9 1 186
12 9 2 182
12 9 3 181
12 9 4 179
12 10 1 187
12 10 2 185
12 10 3 184
12 10 4 180
12 11 1 179
12 11 2 186
12 11 3 182
12 11 4 181
12 12 1 183
12 12 2 178
12 12 3 183
12 12 4 178
9 13 1 188
9 13 2 234
9 13 3 230
9 13 4 193
9 14 1 189
9 14 2 235
9 14 3 233
9 14 4 232
9 15 1 190
9 15 2 197
9 15 3 195
9 15 4 194
9 16 1 191
9 16 2 231
9 16 3 196
9 16 4 192
10 13 1 192
10 13 2 191
10 13 3 231
10 13 4 196
10 14 1 193
10 14 2 188
10 14 3 234
10 14 4 230
10 15 1 232
10 15 2 189
10 15 3 235
10 15 4 233
10 16 1 194
10 16 2 190
10 16 3 197
10 16 4 195
11 13 1 195
11 13 2 194
11 13 3 190
11 13 4 197
11 14 1 196
11 14 2 192
11 14 3 191
11 14 4 231
11 15 1 230
11 15 2 193
11 15 3 188
11 15 4 234
11 16 1 233
11 16 2 232
11 16 3 189
11 16 4 235
12 13 1 235
12 13 2 233
12 13 3 232
12 13 4 189
12 14 1 197
12 14 2 195
12 14 3 194
12 14 4 190
12 15 1 231
12 15 2 196
12 15 3 192
12 15 4 191
12 16 1 234
12 16 2 230
12 16 3 193
12 16 4 188
9 17 1 198
9 17 2 282
9 17 3 278
9 17 4 203
9 18 1 199
9 18 2 283
9 18 3 281
9 18 4 280
9 19 1 200
9 19 2 207
9 19 3 205
9 19 4 204
9 20 1 201
9 20 2 279
9 20 3 206
9 20 4 202
10 17 1 202
10 17 2 201
10 17 3 279
10 17 4 206
10 18 1 203
10 18 2 198
10 18 3 282
10 18 4 278
10 19 1 280
10 19 2 199
10 19 3 283
10 19 4 281
10 20 1 204
10 20 2 200
10 20 3 207
10 20 4 205
11 17 1 205
11 17 2 204
11 17 3 200
11 17 4 207
11 18 1 206
11 18 2 202
11 18 3 201
11 18 4 279
11 19 1 278
11 19 2 203
11 19 3 198
11 19 4 282
11 20 1 281
11 20 2 280
11 20 3 199
11 20 4 283
12 17 1 283
12 17 2 281
12 17 3 280
12 17 4 199
12 18 1 207
12 18 2 205
12 18 3 204
12 18 4 200
12 19 1 279
12 19 2 206
12 19 3 202
12 19 4 201
12 20 1 282
12 20 2 278
12 20 3 203
12 20 4 198
9 21 1 208
9 21 2 326
9 21 3 322
9 21 4 213
9 22 1 209
9 22 2 327
9 22 3 325
9 22 4 324
9 23 1 210
9 23 2 217
9 23 3 215
9 23 4 214
9 24 1 211
9 24 2 323
9 24 3 216
9 24 4 212
10 21 1 212
10 21 2 211
10 21 3 323
10 21 4 216
10 22 1 213
10 22 2 208
10 22 3 326
10 22 4 322
10 23 1 324
10 23 2 209
10 23 3 327
10 23 4 325
10 24 1 214
10 24 2 210
10 24 3 217
10 24 4 215
11 21 1 215
11 21 2 214
11 21 3 210
11 21 4 217
11 22 1 216
11 22 2 212
11 22 3 211
11 22 4 323
11 23 1 322
11 23 2 213
11 23 3 208
11 23 4 326
11 24 1 325
11 24 2 324
11 24 3 209
11 24 4 327
12 21 1 327
12 21 2 325
12 21 3 324
12 21 4 209
12 22 1 217
12 22 2 215
12 22 3 214
12 22 4 210
12 23 1 323
12 23 2 216
12 23 3 212
12 23 4 211
12 24 1 326
12 24 2 322
12 24 3 213
12 24 4 208
13 1 1 218
13 1 2 85
13 1 3 80
13 1 4 222
13 2 1 219
13 2 2 88
13 2 3 84
13 2 4 83
13 3 1 82
13 3 2 89
13 3 3 87
13 3 4 86
13 4 1 220
13 4 2 81
13 4 3 223
13 4 4 221
14 1 1 221
14 1 2 220
14 1 3 81
14 1 4 223
14 2 1 222
14 2 2 218
14 2 3 85
14 2 4 80
14 3 1 83
14 3 2 219
14 3 3 88
14 3 4 84
14 4 1 86
14 4 2 82
14 4 3 89
14 4 4 87
15 1 1 87
15 1 2 86
15 1 3 82
15 1 4 89
15 2 1 223
15 2 2 221
15 2 3 220
15 2 4 81
15 3 1 80
15 3 2 222
15 3 3 218
15 3 4 85
15 4 1 84
15 4 2 83
15 4 3 219
15 4 4 88
16 1 1 88
16 1 2 84
16 1 3 83
16 1 4 219
16 2 1 89
16 2 2 87
16 2 3 86
16 2 4 82
16 3 1 81
16 3 2 223
16 3 3 221
16 3 4 220
16 4 1 85
16 4 2 80
16 4 3 222
16 4 4 218
13 5 1 224
13 5 2 141
13 5 3 136
13 5 4 228
13 6 1 225
13 6 2 144
13 6 3 140
13 6 4 139
13 7 1 138
13 7 2 145
13 7 3 143
13 7 4 142
13 8 1 226
13 8 2 137
13 8 3 229
13 8 4 227
14 5 1 227
14 5 2 226
14 5 3 137
14 5 4 229
14 6 1 228
14 6 2 224
14 6 3 141
14 6 4 136
14 7 1 139
14 7 2 225
14 7 3 144
14 7 4 140
14 8 1 142
14 8 2 138
14 8 3 145
14 8 4 143
15 5 1 143
15 5 2 142
15 5 3 138
15 5 4 145
15 6 1 229
15 6 2 227
15 6 3 226
15 6 4 137
15 7 1 136
15 7 2 228
15 7 3 224
15 7 4 141
15 8 1 140
15 8 2 139
15 8 3 225
15 8 4 144
16 5 1 144
16 5 2 140
16 5 3 139
16 5 4 225
16 6 1 145
16 6 2 143
16 6 3 142
16 6 4 138
16 7 1 137
16 7 2 229
16 7 3 227
16 7 4 226
16 8 1 141
16 8 2 136
16 8 3 228
16 8 4 224
13 9 1 230
13 9 2 193
13 9 3 188
13 9 4 234
13 10 1 231
13 10 2 196
13 10 3 192
13 10 4 191
13 11 1 190
13 11 2 197
13 11 3 195
13 11 4 194
13 12 1 232
13 12 2 189
13 12 3 235
13 12 4 233
14 9 1 233
14 9 2 232
14 9 3 189
14 9 4 235
14 10 1 234
14 10 2 230
14 10 3 193
14 10 4 188
14 11 1 191
14 11 2 231
14 11 3 196
14 11 4 192
14 12 1 194
14 12 2 190
14 12 3 197
14 12 4 195
15 9 1 195
15 9 2 194
15 9 3 190
15 9 4 197
15 10 1 235
15 10 2 233
15 10 3 232
15 10 4 189
15 11 1 188
15 11 2 234
15 11 3 230
15 11 4 193
15 12 1 192
15 12 2 191
15 12 3 231
15 12 4 196
16 9 1 196
16 9 2 192
16 9 3 191
16 9 4 231
16 10 1 197
16 10 2 195
16 10 3 194
16 10 4 190
16 11 1 189
16 11 2 235
16 11 3 233
16 11 4 232
16 12 1 193
16 12 2 188
16 12 3 234
16 12 4 230
13 13 1 236
13 13 2 241
13 13 3 236
13 13 4 241
13 14 1 237
13 14 2 244
13 14 3 240
13 14 4 239
13 15 1 238
13 15 2 245
13 15 3 243
13 15 4 242
13 16 1 239
13 16 2 237
13 16 3 244
13 16 4 240
14 13 1 240
14 13 2 239
14 13 3 237
14 13 4 244
14 14 1 241
14 14 2 236
14 14 3 241
14 14 4 236
14 15 1 239
14 15 2 237
14 15 3 244
14 15 4 240
14 16 1 242
14 16 2 238
14 16 3 245
14 16 4 243
15 13 1 243
15 13 2 242
15 13 3 238
15 13 4 245
15 14 1 244
15 14 2 240
15 14 3 239
15 14 4 237
15 15 1 236
15 15 2 241
15 15 3 236
15 15 4 241
15 16 1 240
15 16 2 239
15 16 3 237
15 16 4 244
16 13 1 244
16 13 2 240
16 13 3 239
16 13 4 237
16 14 1 245
16 14 2 243
16 14 3 242
16 14 4 238
16 15 1 237
16 15 2 244
16 15 3 240
16 15 4 239
16 16 1 241
16 16 2 236
16 16 3 241
16 16 4 236
13 17 1 246
13 17 2 288
13 17 3 284
13 17 4 251
13 18 1 247
13 18 2 289
13 18 3 287
13 18 4 286
13 19 1 248
13 19 2 255
13 19 3 253
13 19 4 252
13 20 1 249
13 20 2 285
13 20 3 254
13 20 4 250
14 17 1 250
14 17 2 249
14 17 3 285
14 17 4 254
14 18 1 251
14 18 2 246
14 18 3 288
14 18 4 284
14 19 1 286
14 19 2 247
14 19 3 289
14 19 4 287
14 20 1 252
14 20 2 248
14 20 3 255
14 20 4 253
15 17 1 253
15 17 2 252
15 17 3 248
15 17 4 255
15 18 1 254
15 18 2 250
15 18 3 249
15 18 4 285
15 19 1 284
15 19 2 251
15 19 3 246
15 19 4 288
15 20 1 287
15 20 2 286
15 20 3 247
15 20 4 289
16 17 1 289
16 17 2 287
16 17 3 286
16 17 4 247
16 18 1 255
16 18 2 253
16 18 3 252
16 18 4 248
16 19 1 285
16 19 2 254
16 19 3 250
16 19 4 249
16 20 1 288
16 20 2 284
16 20 3 251
16 20 4 246
13 21 1 256
13 21 2 332
13 21 3 328
13 21 4 261
13 22 1 257
13 22 2 333
13 22 3 331
13 22 4 330
13 23 1 258
13 23 2 265
13 23 3 263
13 23 4 262
13 24 1 259
13 24 2 329
13 24 3 264
13 24 4 260
14 21 1 260
14 21 2 259
14 21 3 329
14 21 4 264
14 22 1 261
14 22 2 256
14 22 3 332
14 22 4 328
14 23 1 330
14 23 2 257
14 23 3 333
14 23 4 331
14 24 1 262
14 24 2 258
14 24 3 265
14 24 4 263
15 21 1 263
15 21 2 262
15 21 3 258
15 21 4 265
15 22 1 264
15 22 2 260
15 22 3 259
15 22 4 329
15 23 1 328
15 23 2 261
15 23 3 256
15 23 4 332
15 24 1 331
15 24 2 330
15 24 3 257
15 24 4 333
16 21 1 333
16 21 2 331
16 21 3 330
16 21 4 257
16 22 1 265
16 22 2 263
16 22 3 262
16 22 4 258
16 23 1 329
16 23 2 264
16 23 3 260
16 23 4 259
16 24 1 332
16 24 2 328
16 24 3 261
16 24 4 256
17 1 1 266
17 1 2 95
17 1 3 90
17 1 4 270
17 2 1 267
17 2 2 98
17 2 3 94
17 2 4 93
17 3 1 92
17 3 2 99
17 3 3 97
17 3 4 96
17 4 1 268
17 4 2 91
17 4 3 271
17 4 4 269
18 1 1 269
18 1 2 268
18 1 3 91
18 1 4 271
18 2 1 270
18 2 2 266
18 2 3 95
18 2 4 90
18 3 1 93
18 3 2 267
18 3 3 98
18 3 4 94
18 4 1 96
18 4 2 92
18 4 3 99
18 4 4 97
19 1 1 97
19 1 2 96
19 1 3 92
19 1 4 99
19 2 1 271
19 2 2 269
19 2 3 268
19 2 4 91
19 3 1 90
19 3 2 270
19 3 3 266
19 3 4 95
19 4 1 94
19 4 2 93
19 4 3 267
19 4 4 98
20 1 1 98
20 1 2 94
20 1 3 93
20 1 4 267
20 2 1 99
20 2 2 97
20 2 3 96
20 2 4 92
20 3 1 91
20 3 2 271
20 3 3 269
20 3 4 268
20 4 1 95
20 4 2 90
20 4 3 270
20 4 4 266
17 5 1 272
17 5 2 151
17 5 3 146
17 5 4 276
17 6 1 273
17 6 2 154
17 6 3 150
17 6 4 149
17 7 1 148
17 7 2 155
17 7 3 153
17 7 4 152
17 8 1 274
17 8 2 147
17 8 3 277
17 8 4 275
18 5 1 275
18 5 2 274
18 5 3 147
18 5 4 277
18 6 1 276
18 6 2 272
18 6 3 151
18 6 4 146
18 7 1 149
18 7 2 273
18 7 3 154
18 7 4 150
18 8 1 152
18 8 2 148
18 8 3 155
18 8 4 153
19 5 1 153
19 5 2 152
19 5 3 148
19 5 4 155
19 6 1 277
19 6 2 275
19 6 3 274
19 6 4 147
19 7 1 146
19 7 2 276
19 7 3 272
19 7 4 151
19 8 1 150
19 8 2 149
19 8 3 273
19 8 4 154
20 5 1 154
20 5 2 150
20 5 3 149
20 5 4 273
20 6 1 155
20 6 2 153
20 6 3 152
20 6 4 148
20 7 1 147
20 7 2 277
20 7 3 275
20 7 4 274
20 8 1 151
20 8 2 146
20 8 3 276
20 8 4 272
17 9 1 278
17 9 2 203
17 9 3 198
17 9 4 282
17 10 1 279
17 10 2 206
17 10 3 202
17 10 4 201
17 11 1 200
17 11 2 207
17 11 3 205
17 11 4 204
17 12 1 280
17 12 2 199
17 12 3 283
17 12 4 281
18 9 1 281
18 9 2 280
18 9 3 199
18 9 4 283
18 10 1 282
18 10 2 278
18 10 3 203
18 10 4 198
18 11 1 201
18 11 2 279
18 11 3 206
18 11 4 202
18 12 1 204
18 12 2 200
18 12 3 207
18 12 4 205
19 9 1 205
19 9 2 204
19 9 3 200
19 9 4 207
19 10 1 283
19 10 2 281
19 10 3 280
19 10 4 199
19 11 1 198
19 11 2 282
19 11 3 278
19 11 4 203
19 12 1 202
19 12 2 201
19 12 3 279
19 12 4 206
20 9 1 206
20 9 2 202
20 9 3 201
20 9 4 279
20 10 1 207
20 10 2 205
20 10 3 204
20 10 4 200
20 11 1 199
20 11 2 283
20 11 3 281
20 11 4 280
20 12 1 203
20 12 2 198
20 12 3 282
20 12 4 278
17 13 1 284
17 13 2 251
17 13 3 246
17 13 4 288
17 14 1 285
17 14 2 254
17 14 3 250
17 14 4 249
17 15 1 248
17 15 2 255
17 15 3 253
17 15 4 252
17 16 1 286
17 16 2 247
17 16 3 289
17 16 4 287
18 13 1 287
18 13 2 286
18 13 3 247
18 13 4 289
18 14 1 288
18 14 2 284
18 14 3 251
18 14 4 246
18 15 1 249
18 15 2 285
18 15 3 254
18 15 4 250
18 16 1 252
18 16 2 248
18 16 3 255
18 16 4 253
19 13 1 253
19 13 2 252
19 13 3 248
19 13 4 255
19 14 1 289
19 14 2 287
19 14 3 286
19 14 4 247
19 15 1 246
19 15 2 288
19 15 3 284
19 15 4 251
19 16 1 250
19 16 2 249
19 16 3 285
19 16 4 254
20 13 1 254
20 13 2 250
20 13 3 249
20 13 4 285
20 14 1 255
20 14 2 253
20 14 3 252
20 14 4 248
20 15 1 247
20 15 2 289
20 15 3 287
20 15 4 286
20 16 1 251
20 16 2 246
20 16 3 288
20 16 4 284
17 17 1 290
17 17 2 295
17 17 3 290
17 17 4 295
17 18 1 291
17 18 2 298
17 18 3 294
17 18 4 293
17 19 1 292
17 19 2 299
17 19 3 297
17 19 4 296
17 20 1 293
17 20 2 291
17 20 3 298
17 20 4 294
18 17 1 294
18 17 2 293
18 17 3 291
18 17 4 298
18 18 1 295
18 18 2 290
18 18 3 295
18 18 4 290
18 19 1 293
18 19 2 291
18 19 3 298
18 19 4 294
18 20 1 296
18 20 2 292
18 20 3 299
18 20 4 297
19 17 1 297
19 17 2 296
19 17 3 292
19 17 4 299
19 18 1 298
19 18 2 294
19 18 3 293
19 18 4 291
19 19 1 290
19 19 2 295
19 19 3 290
19 19 4 295
19 20 1 294
19 20 2 293
19 20 3 291
19 20 4 298
20 17 1 298
20 17 2 294
20 17 3 293
20 17 4 291
20 18 1 299
20 18 2 297
20 18 3 296
20 18 4 292
20 19 1 291
20 19 2 298
20 19 3 294
20 19 4 293
20 20 1 295
20 20 2 290
20 20 3 295
20 20 4 290
17 21 1 300
17 21 2 338
17 21 3 334
17 21 4 305
17 22 1 301
17 22 2 339
17 22 3 337
17 22 4 336
17 23 1 302
17 23 2 309
17 23 3 307
17 23 4 306
17 24 1 303
17 24 2 335
17 24 3 308
17 24 4 304
18 21 1 304
18 21 2 303
18 21 3 335
18 21 4 308
18 22 1 305
18 22 2 300
18 22 3 338
18 22 4 334
18 23 1 336
18 23 2 301
18 23 3 339
18 23 4 337
18 24 1 306
18 24 2 302
18 24 3 309
18 24 4 307
19 21 1 307
19 21 2 306
19 21 3 302
19 21 4 309
19 22 1 308
19 22 2 304
19 22 3 303
19 22 4 335
19 23 1 334
19 23 2 305
19 23 3 300
19 23 4 338
19 24 1 337
19 24 2 336
19 24 3 301
19 24 4 339
20 21 1 339
20 21 2 337
20 21 3 336
20 21 4 301
20 22 1 309
20 22 2 307
20 22 3 306
20 22 4 302
20 23 1 335
20 23 2 308
20 23 3 304
20 23 4 303
20 24 1 338
20 24 2 334
20 24 3 305
20 24 4 300
21 1 1 310
21 1 2 105
21 1 3 100
21 1 4 314
21 2 1 311
21 2 2 108
21 2 3 104
21 2 4 103
21 3 1 102
21 3 2 109
21 3 3 107
21 3 4 106
21 4 1 312
21 4 2 101
21 4 3 315
21 4 4 313
22 1 1 313
22 1 2 312
22 1 3 101
22 1 4 315
22 2 1 314
22 2 2 310
22 2 3 105
22 2 4 100
22 3 1 103
22 3 2 311
22 3 3 108
22 3 4 104
22 4 1 106
22 4 2 102
22 4 3 109
22 4 4 107
23 1 1 107
23 1 2 106
23 1 3 102
23 1 4 109
23 2 1 315
23 2 2 313
23 2 3 312
23 2 4 101
23 3 1 100
23 3 2 314
23 3 3 310
23 3 4 105
23 4 1 104
23 4 2 103
23 4 3 311
23 4 4 108
24 1 1 108
24 1 2 104
24 1 3 103
24 1 4 311
24 2 1 109
24 2 2 107
24 2 3 106
24 2 4 102
24 3 1 101
24 3 2 315
24 3 3 313
24 3 4 312
24 4 1 105
24 4 2 100
24 4 3 314
24 4 4 310
21 5 1 316
21 5 2 161
21 5 3 156
21 5 4 320
21 6 1 317
21 6 2 164
21 6 3 160
21 6 4 159
21 7 1 158
21 7 2 165
21 7 3 163
21 7 4 162
21 8 1 318
21 8 2 157
21 8 3 321
21 8 4 319
22 5 1 319
22 5 2 318
22 5 3 157
22 5 4 321
22 6 1 320
22 6 2 316
22 6 3 161
22 6 4 156
22 7 1 159
22 7 2 317
22 7 3 164
22 7 4 160
22 8 1 162
22 8 2 158
22 8 3 165
22 8 4 163
23 5 1 163
23 5 2 162
23 5 3 158
23 5 4 165
23 6 1 321
23 6 2 319
23 6 3 318
23 6 4 157
23 7 1 156
23 7 2 320
23 7 3 316
23 7 4 161
23 8 1 160
23 8 2 159
23 8 3 317
23 8 4 164
24 5 1 164
24 5 2 160
24 5 3 159
24 5 4 317
24 6 1 165
24 6 2 163
24 6 3 162
24 6 4 158
24 7 1 157
24 7 2 321
24 7 3 319
24 7 4 318
24 8 1 161
24 8 2 156
24 8 3 320
24 8 4 316
21 9 1 322
21 9 2 213
21 9 3 208
21 9 4 326
21 10 1 323
21 10 2 216
21 10 3 212
21 10 4 211
21 11 1 210
21 11 2 217
21 11 3 215
21 11 4 214
21 12 1 324
21 12 2 209
21 12 3 327
21 12 4 325
22 9 1 325
22 9 2 324
22 9 3 209
22 9 4 327
22 10 1 326
22 10 2 322
22 10 3 213
22 10 4 208
22 11 1 211
22 11 2 323
22 11 3 216
22 11 4 212
22 12 1 214
22 12 2 210
22 12 3 217
22 12 4 215
23 9 1 215
23 9 2 214
23 9 3 210
23 9 4 217
23 10 1 327
23 10 2 325
23 10 3 324
23 10 4 209
23 11 1 208
23 11 2 326
23 11 3 322
23 11 4 213
23 12 1 212
23 12 2 211
23 12 3 323
23 12 4 216
24 9 1 216
24 9 2 212
24 9 3 211
24 9 4 323
24 10 1 217
24 10 2 215
24 10 3 214
24 10 4 210
24 11 1 209
24 11 2 327
24 11 3 325
24 11 4 324
24 12 1 213
24 12 2 208
24 12 3 326
24 12 4 322
21 13 1 328
21 13 2 261
21 13 3 256
21 13 4 332
21 14 1 329
21 14 2 264
21 14 3 260
21 14 4 259
21 15 1 258
21 15 2 265
21 15 3 263
21 15 4 262
21 16 1 330
21 16 2 257
21 16 3 333
21 16 4 331
22 13 1 331
22 13 2 330
22 13 3 257
22 13 4 333
22 14 1 332
22 14 2 328
22 14 3 261
22 14 4 256
22 15 1 259
22 15 2 329
22 15 3 264
22 15 4 260
22 16 1 262
22 16 2 258
22 16 3 265
22 16 4 263
23 13 1 263
23 13 2 262
23 13 3 258
23 13 4 265
23 14 1 333
23 14 2 331
23 14 3 330
23 14 4 257
23 15 1 256
23 15 2 332
23 15 3 328
23 15 4 261
23 16 1 260
23 16 2 259
23 16 3 329
23 16 4 264
24 13 1 264
24 13 2 260
24 13 3 259
24 13 4 329
24 14 1 265
24 14 2 263
24 14 3 262
24 14 4 258
24 15 1 257
24 15 2 333
24 15 3 331
24 15 4 330
24 16 1 261
24 16 2 256
24 16 3 332
24 16 4 328
21 17 1 334
21 17 2 305
21 17 3 300
21 17 4 338
21 18 1 335
21 18 2 308
21 18 3 304
21 18 4 303
21 19 1 302
21 19 2 309
21 19 3 307
21 19 4 306
21 20 1 336
21 20 2 301
21 20 3 339
21 20 4 337
22 17 1 337
22 17 2 336
22 17 3 301
22 17 4 339
22 18 1 338
22 18 2 334
22 18 3 305
22 18 4 300
22 19 1 303
22 19 2 335
22 19 3 308
22 19 4 304
22 20 1 306
22 20 2 302
22 20 3 309
22 20 4 307
23 17 1 307
23 17 2 306
23 17 3 302
23 17 4 309
23 18 1 339
23 18 2 337
23 18 3 336
23 18 4 301
23 19 1 300
23 19 2 338
23 19 3 334
23 19 4 305
23 20 1 304
23 20 2 303
23 20 3 335
23 20 4 308
24 17 1 308
24 17 2 304
24 17 3 303
24 17 4 335
24 18 1 309
24 18 2 307
24 18 3 306
24 18 4 302
24 19 1 301
24 19 2 339
24 19 3 337
24 19 4 336
24 20 1 305
24 20 2 300
24 20 3 338
24 20 4 334
21 21 1 340
21 21 2 345
21 21 3 340
21 21 4 345
21 22 1 341
21 22 2 348
21 22 3 344
21 22 4 343
21 23 1 342
21 23 2 349
21 23 3 347
21 23 4 346
21 24 1 343
21 24 2 341
21 24 3 348
21 24 4 344
22 21 1 344
22 21 2 343
22 21 3 341
22 21 4 348
22 22 1 345
22 22 2 340
22 22 3 345
22 22 4 340
22 23 1 343
22 23 2 341
22 23 3 348
22 23 4 344
22 24 1 346
22 24 2 342
22 24 3 349
22 24 4 347
23 21 1 347
23 21 2 346
23 21 3 342
23 21 4 349
23 22 1 348
23 22 2 344
23 22 3 343
23 22 4 341
23 23 1 340
23 23 2 345
23 23 3 340
23 23 4 345
23 24 1 344
23 24 2 343
23 24 3 341
23 24 4 348
24 21 1 348
24 21 2 344
24 21 3 343
24 21 4 341
24 22 1 349
24 22 2 347
24 22 3 346
24 22 4 342
24 23 1 341
24 23 2 348
24 23 3 344
24 23 4 343
24 24 1 345
24 24 2 340
24 24 3 345
24 24 4 340
#END