0 0 0 0
1 1 0 1
2 2 0 2
3 3 0 3
4 4 0 4
5 5 0 5
6 6 0 6
7 7 0 7
8 8 0 8
9 9 0 9
10 10 0 10
11 11 0 11
12 12 0 12
0 0 1 13
0 0 2 13
0 0 3 13
0 0 4 13
1 0 1 14
2 0 1 15
3 0 1 16
4 0 1 17
1 0 2 17
2 0 2 14
3 0 2 15
4 0 2 16
1 0 3 16
2 0 3 17
3 0 3 14
4 0 3 15
1 0 4 15
2 0 4 16
3 0 4 17
4 0 4 14
0 1 1 16
0 2 1 17
0 3 1 14
0 4 1 15
0 1 2 15
0 2 2 16
0 3 2 17
0 4 2 14
0 1 3 14
0 2 3 15
0 3 3 16
0 4 3 17
0 1 4 17
0 2 4 14
0 3 4 15
0 4 4 16
5 0 1 18
6 0 1 19
7 0 1 20
8 0 1 21
5 0 2 21
6 0 2 18
7 0 2 19
8 0 2 20
5 0 3 20
6 0 3 21
7 0 3 18
8 0 3 19
5 0 4 19
6 0 4 20
7 0 4 21
8 0 4 18
0 5 1 20
0 6 1 21
0 7 1 18
0 8 1 19
0 5 2 19
0 6 2 20
0 7 2 21
0 8 2 18
0 5 3 18
0 6 3 19
0 7 3 20
0 8 3 21
0 5 4 21
0 6 4 18
0 7 4 19
0 8 4 20
9 0 1 22
10 0 1 23
11 0 1 24
12 0 1 25
9 0 2 25
10 0 2 22
11 0 2 23
12 0 2 24
9 0 3 24
10 0 3 25
11 0 3 22
12 0 3 23
9 0 4 23
10 0 4 24
11 0 4 25
12 0 4 22
0 9 1 24
0 10 1 25
0 11 1 22
0 12 1 23
0 9 2 23
0 10 2 24
0 11 2 25
0 12 2 22
0 9 3 22
0 10 3 23
0 11 3 24
0 12 3 25
0 9 4 25
0 10 4 22
0 11 4 23
0 12 4 24
1 1 1 26
1 1 2 31
1 1 3 26
1 1 4 31
1 2 1 27
1 2 2 34
1 2 3 30
1 2 4 29
1 3 1 28
1 3 2 35
1 3 3 33
1 3 4 32
1 4 1 29
1 4 2 27
1 4 3 34
1 4 4 30
2 1 1 30
2 1 2 29
2 1 3 27
2 1 4 34
2 2 1 31
2 2 2 26
2 2 3 31
2 2 4 26
2 3 1 29
2 3 2 27
2 3 3 34
2 3 4 30
2 4 1 32
2 4 2 28
2 4 3 35
2 4 4 33
3 1 1 33
3 1 2 32
3 1 3 28
3 1 4 35
3 2 1 34
3 2 2 30
3 2 3 29
3 2 4 27
3 3 1 26
3 3 2 31
3 3 3 26
3 3 4 31
3 4 1 30
3 4 2 29
3 4 3 27
3 4 4 34
4 1 1 34
4 1 2 30
4 1 3 29
4 1 4 27
4 2 1 35
4 2 2 33
4 2 3 32
4 2 4 28
4 3 1 27
4 3 2 34
4 3 3 30
4 3 4 29
4 4 1 31
4 4 2 26
4 4 3 31
4 4 4 26
1 5 1 36
1 5 2 60
1 5 3 56
1 5 4 41
1 6 1 37
1 6 2 61
1 6 3 59
1 6 4 58
1 7 1 38
1 7 2 45
1 7 3 43
1 7 4 42
1 8 1 39
1 8 2 57
1 8 3 44
1 8 4 40
2 5 1 40
2 5 2 39
2 5 3 57
2 5 4 44
2 6 1 41
2 6 2 36
2 6 3 60
2 6 4 56
2 7 1 58
2 7 2 37
2 7 3 61
2 7 4 59
2 8 1 42
2 8 2 38
2 8 3 45
2 8 4 43
3 5 1 43
3 5 2 42
3 5 3 38
3 5 4 45
3 6 1 44
3 6 2 40
3 6 3 39
3 6 4 57
3 7 1 56
3 7 2 41
3 7 3 36
3 7 4 60
3 8 1 59
3 8 2 58
3 8 3 37
3 8 4 61
4 5 1 61
4 5 2 59
4 5 3 58
4 5 4 37
4 6 1 45
4 6 2 43
4 6 3 42
4 6 4 38
4 7 1 57
4 7 2 44
4 7 3 40
4 7 4 39
4 8 1 60
4 8 2 56
4 8 3 41
4 8 4 36
1 9 1 46
1 9 2 86
1 9 3 82
1 9 4 51
1 10 1 47
1 10 2 87
1 10 3 85
1 10 4 84
1 11 1 48
1 11 2 55
1 11 3 53
1 11 4 52
1 12 1 49
1 12 2 83
1 12 3 54
1 12 4 50
2 9 1 50
2 9 2 49
2 9 3 83
2 9 4 54
2 10 1 51
2 10 2 46
2 10 3 86
2 10 4 82
2 11 1 84
2 11 2 47
2 11 3 87
2 11 4 85
2 12 1 52
2 12 2 48
2 12 3 55
2 12 4 53
3 9 1 53
3 9 2 52
3 9 3 48
3 9 4 55
3 10 1 54
3 10 2 50
3 10 3 49
3 10 4 83
3 11 1 82
3 11 2 51
3 11 3 46
3 11 4 86
3 12 1 85
3 12 2 84
3 12 3 47
3 12 4 87
4 9 1 87
4 9 2 85
4 9 3 84
4 9 4 47
4 10 1 55
4 10 2 53
4 10 3 52
4 10 4 48
4 11 1 83
4 11 2 54
4 11 3 50
4 11 4 49
4 12 1 86
4 12 2 82
4 12 3 51
4 12 4 46
5 1 1 56
5 1 2 41
5 1 3 36
5 1 4 60
5 2 1 57
5 2 2 44
5 2 3 40
5 2 4 39
5 3 1 38
5 3 2 45
5 3 3 43
5 3 4 42
5 4 1 58
5 4 2 37
5 4 3 61
5 4 4 59
6 1 1 59
6 1 2 58
6 1 3 37
6 1 4 61
6 2 1 60
6 2 2 56
6 2 3 41
6 2 4 36
6 3 1 39
6 3 2 57
6 3 3 44
6 3 4 40
6 4 1 42
6 4 2 38
6 4 3 45
6 4 4 43
7 1 1 43
7 1 2 42
7 1 3 38
7 1 4 45
7 2 1 61
7 2 2 59
7 2 3 58
7 2 4 37
7 3 1 36
7 3 2 60
7 3 3 56
7 3 4 41
7 4 1 40
7 4 2 39
7 4 3 57
7 4 4 44
8 1 1 44
8 1 2 40
8 1 3 39
8 1 4 57
8 2 1 45
8 2 2 43
8 2 3 42
8 2 4 38
8 3 1 37
8 3 2 61
8 3 3 59
8 3 4 58
8 4 1 41
8 4 2 36
8 4 3 60
8 4 4 56
5 5 1 62
5 5 2 67
5 5 3 62
5 5 4 67
5 6 1 63
5 6 2 70
5 6 3 66
5 6 4 65
5 7 1 64
5 7 2 71
5 7 3 69
5 7 4 68
5 8 1 65
5 8 2 63
5 8 3 70
5 8 4 66
6 5 1 66
6 5 2 65
6 5 3 63
6 5 4 70
6 6 1 67
6 6 2 62
6 6 3 67
6 6 4 62
6 7 1 65
6 7 2 63
6 7 3 70
6 7 4 66
6 8 1 68
6 8 2 64
6 8 3 71
6 8 4 69
7 5 1 69
7 5 2 68
7 5 3 64
7 5 4 71
7 6 1 70
7 6 2 66
7 6 3 65
7 6 4 63
7 7 1 62
7 7 2 67
7 7 3 62
7 7 4 67
7 8 1 66
7 8 2 65
7 8 3 63
7 8 4 70
8 5 1 70
8 5 2 66
8 5 3 65
8 5 4 63
8 6 1 71
8 6 2 69
8 6 3 68
8 6 4 64
8 7 1 63
8 7 2 70
8 7 3 66
8 7 4 65
8 8 1 67
8 8 2 62
8 8 3 67
8 8 4 62
5 9 1 72
5 9 2 92
5 9 3 88
5 9 4 77
5 10 1 73
5 10 2 93
5 10 3 91
5 10 4 90
5 11 1 74
5 11 2 81
5 11 3 79
5 11 4 78
5 12 1 75
5 12 2 89
5 12 3 80
5 12 4 76
6 9 1 76
6 9 2 75
6 9 3 89
6 9 4 80
6 10 1 77
6 10 2 72
6 10 3 92
6 10 4 88
6 11 1 90
6 11 2 73
6 11 3 93
6 11 4 91
6 12 1 78
6 12 2 74
6 12 3 81
6 12 4 79
7 9 1 79
7 9 2 78
7 9 3 74
7 9 4 81
7 10 1 80
7 10 2 76
7 10 3 75
7 10 4 89
7 11 1 88
7 11 2 77
7 11 3 72
7 11 4 92
7 12 1 91
7 12 2 90
7 12 3 73
7 12 4 93
8 9 1 93
8 9 2 91
8 9 3 90
8 9 4 73
8 10 1 81
8 10 2 79
8 10 3 78
8 10 4 74
8 11 1 89
8 11 2 80
8 11 3 76
8 11 4 75
8 12 1 92
8 12 2 88
8 12 3 77
8 12 4 72
9 1 1 82
9 1 2 51
9 1 3 46
9 1 4 86
9 2 1 83
9 2 2 54
9 2 3 50
9 2 4 49
9 3 1 48
9 3 2 55
9 3 3 53
9 3 4 52
9 4 1 84
9 4 2 47
9 4 3 87
9 4 4 85
10 1 1 85
10 1 2 84
10 1 3 47
10 1 4 87
10 2 1 86
10 2 2 82
10 2 3 51
10 2 4 46
10 3 1 49
10 3 2 83
10 3 3 54
10 3 4 50
10 4 1 52
10 4 2 48
10 4 3 55
10 4 4 53
11 1 1 53
11 1 2 52
11 1 3 48
11 1 4 55
11 2 1 87
11 2 2 85
11 2 3 84
11 2 4 47
11 3 1 46
11 3 2 86
11 3 3 82
11 3 4 51
11 4 1 50
11 4 2 49
11 4 3 83
11 4 4 54
12 1 1 54
12 1 2 50
12 1 3 49
12 1 4 83
12 2 1 55
12 2 2 53
12 2 3 52
12 2 4 48
12 3 1 47
12 3 2 87
12 3 3 85
12 3 4 84
12 4 1 51
12 4 2 46
12 4 3 86
12 4 4 82
9 5 1 88
9 5 2 77
9 5 3 72
9 5 4 92
9 6 1 89
9 6 2 80
9 6 3 76
9 6 4 75
9 7 1 74
9 7 2 81
9 7 3 79
9 7 4 78
9 8 1 90
9 8 2 73
9 8 3 93
9 8 4 91
10 5 1 91
10 5 2 90
10 5 3 73
10 5 4 93
10 6 1 92
10 6 2 88
10 6 3 77
10 6 4 72
10 7 1 75
10 7 2 89
10 7 3 80
10 7 4 76
10 8 1 78
10 8 2 74
10 8 3 81
10 8 4 79
11 5 1 79
11 5 2 78
11 5 3 74
11 5 4 81
11 6 1 93
11 6 2 91
11 6 3 90
11 6 4 73
11 7 1 72
11 7 2 92
11 7 3 88
11 7 4 77
11 8 1 76
11 8 2 75
11 8 3 89
11 8 4 80
12 5 1 80
12 5 2 76
12 5 3 75
12 5 4 89
12 6 1 81
12 6 2 79
12 6 3 78
12 6 4 74
12 7 1 73
12 7 2 93
12 7 3 91
12 7 4 90
12 8 1 77
12 8 2 72
12 8 3 92
12 8 4 88
9 9 1 94
9 9 2 99
9 9 3 94
9 9 4 99
9 10 1 95
9 10 2 102
9 10 3 98
9 10 4 97
9 11 1 96
9 11 2 103
9 11 3 101
9 11 4 100
9 12 1 97
9 12 2 95
9 12 3 102
9 12 4 98
10 9 1 98
10 9 2 97
10 9 3 95
10 9 4 102
10 10 1 99
10 10 2 94
10 10 3 99
10 10 4 94
10 11 1 97
10 11 2 95
10 11 3 102
10 11 4 98
10 12 1 100
10 12 2 96
10 12 3 103
10 12 4 101
11 9 1 101
11 9 2 100
11 9 3 96
11 9 4 103
11 10 1 102
11 10 2 98
11 10 3 97
11 10 4 95
11 11 1 94
11 11 2 99
11 11 3 94
11 11 4 99
11 12 1 98
11 12 2 97
11 12 3 95
11 12 4 102
12 9 1 102
12 9 2 98
12 9 3 97
12 9 4 95
12 10 1 103
12 10 2 101
12 10 3 100
12 10 4 96
12 11 1 95
12 11 2 102
12 11 3 98
12 11 4 97
12 12 1 99
12 12 2 94
12 12 3 99
12 12 4 94
#END