0 0 0 0
1 1 0 1
2 2 0 2
3 3 0 3
4 4 0 4
5 5 0 5
6 6 0 6
7 7 0 7
8 8 0 8
9 9 0 9
10 10 0 10
11 11 0 11
12 12 0 12
13 13 0 13
14 14 0 14
15 15 0 15
16 16 0 16
17 17 0 17
18 18 0 18
0 0 1 19
0 0 2 19
0 0 3 19
0 0 4 19
0 0 5 19
0 0 6 19
1 0 1 20
2 0 1 21
3 0 1 22
4 0 1 23
5 0 1 24
6 0 1 25
1 0 2 25
2 0 2 20
3 0 2 21
4 0 2 22
5 0 2 23
6 0 2 24
1 0 3 24
2 0 3 25
3 0 3 20
4 0 3 21
5 0 3 22
6 0 3 23
1 0 4 23
2 0 4 24
3 0 4 25
4 0 4 20
5 0 4 21
6 0 4 22
1 0 5 22
2 0 5 23
3 0 5 24
4 0 5 25
5 0 5 20
6 0 5 21
1 0 6 21
2 0 6 22
3 0 6 23
4 0 6 24
5 0 6 25
6 0 6 20
0 1 1 23
0 2 1 24
0 3 1 25
0 4 1 20
0 5 1 21
0 6 1 22
0 1 2 22
0 2 2 23
0 3 2 24
0 4 2 25
0 5 2 20
0 6 2 21
0 1 3 21
0 2 3 22
0 3 3 23
0 4 3 24
0 5 3 25
0 6 3 20
0 1 4 20
0 2 4 21
0 3 4 22
0 4 4 23
0 5 4 24
0 6 4 25
0 1 5 25
0 2 5 20
0 3 5 21
0 4 5 22
0 5 5 23
0 6 5 24
0 1 6 24
0 2 6 25
0 3 6 20
0 4 6 21
0 5 6 22
0 6 6 23
7 0 1 26
8 0 1 27
9 0 1 28
10 0 1 29
11 0 1 30
12 0 1 31
7 0 2 31
8 0 2 26
9 0 2 27
10 0 2 28
11 0 2 29
12 0 2 30
7 0 3 30
8 0 3 31
9 0 3 26
10 0 3 27
11 0 3 28
12 0 3 29
7 0 4 29
8 0 4 30
9 0 4 31
10 0 4 26
11 0 4 27
12 0 4 28
7 0 5 28
8 0 5 29
9 0 5 30
10 0 5 31
11 0 5 26
12 0 5 27
7 0 6 27
8 0 6 28
9 0 6 29
10 0 6 30
11 0 6 31
12 0 6 26
0 7 1 29
0 8 1 30
0 9 1 31
0 10 1 26
0 11 1 27
0 12 1 28
0 7 2 28
0 8 2 29
0 9 2 30
0 10 2 31
0 11 2 26
0 12 2 27
0 7 3 27
0 8 3 28
0 9 3 29
0 10 3 30
0 11 3 31
0 12 3 26
0 7 4 26
0 8 4 27
0 9 4 28
0 10 4 29
0 11 4 30
0 12 4 31
0 7 5 31
0 8 5 26
0 9 5 27
0 10 5 28
0 11 5 29
0 12 5 30
0 7 6 30
0 8 6 31
0 9 6 26
0 10 6 27
0 11 6 28
0 12 6 29
13 0 1 32
14 0 1 33
15 0 1 34
16 0 1 35
17 0 1 36
18 0 1 37
13 0 2 37
14 0 2 32
15 0 2 33
16 0 2 34
17 0 2 35
18 0 2 36
13 0 3 36
14 0 3 37
15 0 3 32
16 0 3 33
17 0 3 34
18 0 3 35
13 0 4 35
14 0 4 36
15 0 4 37
16 0 4 32
17 0 4 33
18 0 4 34
13 0 5 34
14 0 5 35
15 0 5 36
16 0 5 37
17 0 5 32
18 0 5 33
13 0 6 33
14 0 6 34
15 0 6 35
16 0 6 36
17 0 6 37
18 0 6 32
0 13 1 35
0 14 1 36
0 15 1 37
0 16 1 32
0 17 1 33
0 18 1 34
0 13 2 34
0 14 2 35
0 15 2 36
0 16 2 37
0 17 2 32
0 18 2 33
0 13 3 33
0 14 3 34
0 15 3 35
0 16 3 36
0 17 3 37
0 18 3 32
0 13 4 32
0 14 4 33
0 15 4 34
0 16 4 35
0 17 4 36
0 18 4 37
0 13 5 37
0 14 5 32
0 15 5 33
0 16 5 34
0 17 5 35
0 18 5 36
0 13 6 36
0 14 6 37
0 15 6 32
0 16 6 33
0 17 6 34
0 18 6 35
1 1 1 38
1 1 2 51
1 1 3 45
1 1 4 38
1 1 5 51
1 1 6 45
1 2 1 39
1 2 2 55
1 2 3 50
1 2 4 44
1 2 5 43
1 2 6 46
1 3 1 40
1 3 2 57
1 3 3 54
1 3 4 49
1 3 5 48
1 3 6 42
1 4 1 41
1 4 2 58
1 4 3 56
1 4 4 53
1 4 5 52
1 4 6 47
1 5 1 42
1 5 2 40
1 5 3 57
1 5 4 54
1 5 5 49
1 5 6 48
1 6 1 43
1 6 2 46
1 6 3 39
1 6 4 55
1 6 5 50
1 6 6 44
2 1 1 44
2 1 2 43
2 1 3 46
2 1 4 39
2 1 5 55
2 1 6 50
2 2 1 45
2 2 2 38
2 2 3 51
2 2 4 45
2 2 5 38
2 2 6 51
2 3 1 46
2 3 2 39
2 3 3 55
2 3 4 50
2 3 5 44
2 3 6 43
2 4 1 42
2 4 2 40
2 4 3 57
2 4 4 54
2 4 5 49
2 4 6 48
2 5 1 47
2 5 2 41
2 5 3 58
2 5 4 56
2 5 5 53
2 5 6 52
2 6 1 48
2 6 2 42
2 6 3 40
2 6 4 57
2 6 5 54
2 6 6 49
3 1 1 49
3 1 2 48
3 1 3 42
3 1 4 40
3 1 5 57
3 1 6 54
3 2 1 50
3 2 2 44
3 2 3 43
3 2 4 46
3 2 5 39
3 2 6 55
3 3 1 51
3 3 2 45
3 3 3 38
3 3 4 51
3 3 5 45
3 3 6 38
3 4 1 43
3 4 2 46
3 4 3 39
3 4 4 55
3 4 5 50
3 4 6 44
3 5 1 48
3 5 2 42
3 5 3 40
3 5 4 57
3 5 5 54
3 5 6 49
3 6 1 52
3 6 2 47
3 6 3 41
3 6 4 58
3 6 5 56
3 6 6 53
4 1 1 53
4 1 2 52
4 1 3 47
4 1 4 41
4 1 5 58
4 1 6 56
4 2 1 54
4 2 2 49
4 2 3 48
4 2 4 42
4 2 5 40
4 2 6 57
4 3 1 55
4 3 2 50
4 3 3 44
4 3 4 43
4 3 5 46
4 3 6 39
4 4 1 38
4 4 2 51
4 4 3 45
4 4 4 38
4 4 5 51
4 4 6 45
4 5 1 44
4 5 2 43
4 5 3 46
4 5 4 39
4 5 5 55
4 5 6 50
4 6 1 49
4 6 2 48
4 6 3 42
4 6 4 40
4 6 5 57
4 6 6 54
5 1 1 54
5 1 2 49
5 1 3 48
5 1 4 42
5 1 5 40
5 1 6 57
5 2 1 56
5 2 2 53
5 2 3 52
5 2 4 47
5 2 5 41
5 2 6 58
5 3 1 57
5 3 2 54
5 3 3 49
5 3 4 48
5 3 5 42
5 3 6 40
5 4 1 39
5 4 2 55
5 4 3 50
5 4 4 44
5 4 5 43
5 4 6 46
5 5 1 45
5 5 2 38
5 5 3 51
5 5 4 45
5 5 5 38
5 5 6 51
5 6 1 50
5 6 2 44
5 6 3 43
5 6 4 46
5 6 5 39
5 6 6 55
6 1 1 55
6 1 2 50
6 1 3 44
6 1 4 43
6 1 5 46
6 1 6 39
6 2 1 57
6 2 2 54
6 2 3 49
6 2 4 48
6 2 5 42
6 2 6 40
6 3 1 58
6 3 2 56
6 3 3 53
6 3 4 52
6 3 5 47
6 3 6 41
6 4 1 40
6 4 2 57
6 4 3 54
6 4 4 49
6 4 5 48
6 4 6 42
6 5 1 46
6 5 2 39
6 5 3 55
6 5 4 50
6 5 5 44
6 5 6 43
6 6 1 51
6 6 2 45
6 6 3 38
6 6 4 51
6 6 5 45
6 6 6 38
1 7 1 59
1 7 2 112
1 7 3 107
1 7 4 101
1 7 5 72
1 7 6 66
1 8 1 60
1 8 2 114
1 8 3 111
1 8 4 106
1 8 5 105
1 8 6 67
1 9 1 61
1 9 2 115
1 9 3 113
1 9 4 110
1 9 5 109
1 9 6 104
1 10 1 62
1 10 2 79
1 10 3 77
1 10 4 74
1 10 5 73
1 10 6 68
1 11 1 63
1 11 2 103
1 11 3 78
1 11 4 75
1 11 5 70
1 11 6 69
1 12 1 64
1 12 2 108
1 12 3 102
1 12 4 76
1 12 5 71
1 12 6 65
2 7 1 65
2 7 2 64
2 7 3 108
2 7 4 102
2 7 5 76
2 7 6 71
2 8 1 66
2 8 2 59
2 8 3 112
2 8 4 107
2 8 5 101
2 8 6 72
2 9 1 67
2 9 2 60
2 9 3 114
2 9 4 111
2 9 5 106
2 9 6 105
2 10 1 104
2 10 2 61
2 10 3 115
2 10 4 113
2 10 5 110
2 10 6 109
2 11 1 68
2 11 2 62
2 11 3 79
2 11 4 77
2 11 5 74
2 11 6 73
2 12 1 69
2 12 2 63
2 12 3 103
2 12 4 78
2 12 5 75
2 12 6 70
3 7 1 70
3 7 2 69
3 7 3 63
3 7 4 103
3 7 5 78
3 7 6 75
3 8 1 71
3 8 2 65
3 8 3 64
3 8 4 108
3 8 5 102
3 8 6 76
3 9 1 72
3 9 2 66
3 9 3 59
3 9 4 112
3 9 5 107
3 9 6 101
3 10 1 105
3 10 2 67
3 10 3 60
3 10 4 114
3 10 5 111
3 10 6 106
3 11 1 109
3 11 2 104
3 11 3 61
3 11 4 115
3 11 5 113
3 11 6 110
3 12 1 73
3 12 2 68
3 12 3 62
3 12 4 79
3 12 5 77
3 12 6 74
4 7 1 74
4 7 2 73
4 7 3 68
4 7 4 62
4 7 5 79
4 7 6 77
4 8 1 75
4 8 2 70
4 8 3 69
4 8 4 63
4 8 5 103
4 8 6 78
4 9 1 76
4 9 2 71
4 9 3 65
4 9 4 64
4 9 5 108
4 9 6 102
4 10 1 101
4 10 2 72
4 10 3 66
4 10 4 59
4 10 5 112
4 10 6 107
4 11 1 106
4 11 2 105
4 11 3 67
4 11 4 60
4 11 5 114
4 11 6 111
4 12 1 110
4 12 2 109
4 12 3 104
4 12 4 61
4 12 5 115
4 12 6 113
5 7 1 113
5 7 2 110
5 7 3 109
5 7 4 104
5 7 5 61
5 7 6 115
5 8 1 77
5 8 2 74
5 8 3 73
5 8 4 68
5 8 5 62
5 8 6 79
5 9 1 78
5 9 2 75
5 9 3 70
5 9 4 69
5 9 5 63
5 9 6 103
5 10 1 102
5 10 2 76
5 10 3 71
5 10 4 65
5 10 5 64
5 10 6 108
5 11 1 107
5 11 2 101
5 11 3 72
5 11 4 66
5 11 5 59
5 11 6 112
5 12 1 111
5 12 2 106
5 12 3 105
5 12 4 67
5 12 5 60
5 12 6 114
6 7 1 114
6 7 2 111
6 7 3 106
6 7 4 105
6 7 5 67
6 7 6 60
6 8 1 115
6 8 2 113
6 8 3 110
6 8 4 109
6 8 5 104
6 8 6 61
6 9 1 79
6 9 2 77
6 9 3 74
6 9 4 73
6 9 5 68
6 9 6 62
6 10 1 103
6 10 2 78
6 10 3 75
6 10 4 70
6 10 5 69
6 10 6 63
6 11 1 108
6 11 2 102
6 11 3 76
6 11 4 71
6 11 5 65
6 11 6 64
6 12 1 112
6 12 2 107
6 12 3 101
6 12 4 72
6 12 5 66
6 12 6 59
1 13 1 80
1 13 2 169
1 13 3 164
1 13 4 158
1 13 5 93
1 13 6 87
1 14 1 81
1 14 2 171
1 14 3 168
1 14 4 163
1 14 5 162
1 14 6 88
1 15 1 82
1 15 2 172
1 15 3 170
1 15 4 167
1 15 5 166
1 15 6 161
1 16 1 83
1 16 2 100
1 16 3 98
1 16 4 95
1 16 5 94
1 16 6 89
1 17 1 84
1 17 2 160
1 17 3 99
1 17 4 96
1 17 5 91
1 17 6 90
1 18 1 85
1 18 2 165
1 18 3 159
1 18 4 97
1 18 5 92
1 18 6 86
2 13 1 86
2 13 2 85
2 13 3 165
2 13 4 159
2 13 5 97
2 13 6 92
2 14 1 87
2 14 2 80
2 14 3 169
2 14 4 164
2 14 5 158
2 14 6 93
2 15 1 88
2 15 2 81
2 15 3 171
2 15 4 168
2 15 5 163
2 15 6 162
2 16 1 161
2 16 2 82
2 16 3 172
2 16 4 170
2 16 5 167
2 16 6 166
2 17 1 89
2 17 2 83
2 17 3 100
2 17 4 98
2 17 5 95
2 17 6 94
2 18 1 90
2 18 2 84
2 18 3 160
2 18 4 99
2 18 5 96
2 18 6 91
3 13 1 91
3 13 2 90
3 13 3 84
3 13 4 160
3 13 5 99
3 13 6 96
3 14 1 92
3 14 2 86
3 14 3 85
3 14 4 165
3 14 5 159
3 14 6 97
3 15 1 93
3 15 2 87
3 15 3 80
3 15 4 169
3 15 5 164
3 15 6 158
3 16 1 162
3 16 2 88
3 16 3 81
3 16 4 171
3 16 5 168
3 16 6 163
3 17 1 166
3 17 2 161
3 17 3 82
3 17 4 172
3 17 5 170
3 17 6 167
3 18 1 94
3 18 2 89
3 18 3 83
3 18 4 100
3 18 5 98
3 18 6 95
4 13 1 95
4 13 2 94
4 13 3 89
4 13 4 83
4 13 5 100
4 13 6 98
4 14 1 96
4 14 2 91
4 14 3 90
4 14 4 84
4 14 5 160
4 14 6 99
4 15 1 97
4 15 2 92
4 15 3 86
4 15 4 85
4 15 5 165
4 15 6 159
4 16 1 158
4 16 2 93
4 16 3 87
4 16 4 80
4 16 5 169
4 16 6 164
4 17 1 163
4 17 2 162
4 17 3 88
4 17 4 81
4 17 5 171
4 17 6 168
4 18 1 167
4 18 2 166
4 18 3 161
4 18 4 82
4 18 5 172
4 18 6 170
5 13 1 170
5 13 2 167
5 13 3 166
5 13 4 161
5 13 5 82
5 13 6 172
5 14 1 98
5 14 2 95
5 14 3 94
5 14 4 89
5 14 5 83
5 14 6 100
5 15 1 99
5 15 2 96
5 15 3 91
5 15 4 90
5 15 5 84
5 15 6 160
5 16 1 159
5 16 2 97
5 16 3 92
5 16 4 86
5 16 5 85
5 16 6 165
5 17 1 164
5 17 2 158
5 17 3 93
5 17 4 87
5 17 5 80
5 17 6 169
5 18 1 168
5 18 2 163
5 18 3 162
5 18 4 88
5 18 5 81
5 18 6 171
6 13 1 171
6 13 2 168
6 13 3 163
6 13 4 162
6 13 5 88
6 13 6 81
6 14 1 172
6 14 2 170
6 14 3 167
6 14 4 166
6 14 5 161
6 14 6 82
6 15 1 100
6 15 2 98
6 15 3 95
6 15 4 94
6 15 5 89
6 15 6 83
6 16 1 160
6 16 2 99
6 16 3 96
6 16 4 91
6 16 5 90
6 16 6 84
6 17 1 165
6 17 2 159
6 17 3 97
6 17 4 92
6 17 5 86
6 17 6 85
6 18 1 169
6 18 2 164
6 18 3 158
6 18 4 93
6 18 5 87
6 18 6 80
7 1 1 101
7 1 2 72
7 1 3 66
7 1 4 59
7 1 5 112
7 1 6 107
7 2 1 102
7 2 2 76
7 2 3 71
7 2 4 65
7 2 5 64
7 2 6 108
7 3 1 103
7 3 2 78
7 3 3 75
7 3 4 70
7 3 5 69
7 3 6 63
7 4 1 62
7 4 2 79
7 4 3 77
7 4 4 74
7 4 5 73
7 4 6 68
7 5 1 104
7 5 2 61
7 5 3 115
7 5 4 113
7 5 5 110
7 5 6 109
7 6 1 105
7 6 2 67
7 6 3 60
7 6 4 114
7 6 5 111
7 6 6 106
8 1 1 106
8 1 2 105
8 1 3 67
8 1 4 60
8 1 5 114
8 1 6 111
8 2 1 107
8 2 2 101
8 2 3 72
8 2 4 66
8 2 5 59
8 2 6 112
8 3 1 108
8 3 2 102
8 3 3 76
8 3 4 71
8 3 5 65
8 3 6 64
8 4 1 63
8 4 2 103
8 4 3 78
8 4 4 75
8 4 5 70
8 4 6 69
8 5 1 68
8 5 2 62
8 5 3 79
8 5 4 77
8 5 5 74
8 5 6 73
8 6 1 109
8 6 2 104
8 6 3 61
8 6 4 115
8 6 5 113
8 6 6 110
9 1 1 110
9 1 2 109
9 1 3 104
9 1 4 61
9 1 5 115
9 1 6 113
9 2 1 111
9 2 2 106
9 2 3 105
9 2 4 67
9 2 5 60
9 2 6 114
9 3 1 112
9 3 2 107
9 3 3 101
9 3 4 72
9 3 5 66
9 3 6 59
9 4 1 64
9 4 2 108
9 4 3 102
9 4 4 76
9 4 5 71
9 4 6 65
9 5 1 69
9 5 2 63
9 5 3 103
9 5 4 78
9 5 5 75
9 5 6 70
9 6 1 73
9 6 2 68
9 6 3 62
9 6 4 79
9 6 5 77
9 6 6 74
10 1 1 74
10 1 2 73
10 1 3 68
10 1 4 62
10 1 5 79
10 1 6 77
10 2 1 113
10 2 2 110
10 2 3 109
10 2 4 104
10 2 5 61
10 2 6 115
10 3 1 114
10 3 2 111
10 3 3 106
10 3 4 105
10 3 5 67
10 3 6 60
10 4 1 59
10 4 2 112
10 4 3 107
10 4 4 101
10 4 5 72
10 4 6 66
10 5 1 65
10 5 2 64
10 5 3 108
10 5 4 102
10 5 5 76
10 5 6 71
10 6 1 70
10 6 2 69
10 6 3 63
10 6 4 103
10 6 5 78
10 6 6 75
11 1 1 75
11 1 2 70
11 1 3 69
11 1 4 63
11 1 5 103
11 1 6 78
11 2 1 77
11 2 2 74
11 2 3 73
11 2 4 68
11 2 5 62
11 2 6 79
11 3 1 115
11 3 2 113
11 3 3 110
11 3 4 109
11 3 5 104
11 3 6 61
11 4 1 60
11 4 2 114
11 4 3 111
11 4 4 106
11 4 5 105
11 4 6 67
11 5 1 66
11 5 2 59
11 5 3 112
11 5 4 107
11 5 5 101
11 5 6 72
11 6 1 71
11 6 2 65
11 6 3 64
11 6 4 108
11 6 5 102
11 6 6 76
12 1 1 76
12 1 2 71
12 1 3 65
12 1 4 64
12 1 5 108
12 1 6 102
12 2 1 78
12 2 2 75
12 2 3 70
12 2 4 69
12 2 5 63
12 2 6 103
12 3 1 79
12 3 2 77
12 3 3 74
12 3 4 73
12 3 5 68
12 3 6 62
12 4 1 61
12 4 2 115
12 4 3 113
12 4 4 110
12 4 5 109
12 4 6 104
12 5 1 67
12 5 2 60
12 5 3 114
12 5 4 111
12 5 5 106
12 5 6 105
12 6 1 72
12 6 2 66
12 6 3 59
12 6 4 112
12 6 5 107
12 6 6 101
7 7 1 116
7 7 2 129
7 7 3 123
7 7 4 116
7 7 5 129
7 7 6 123
7 8 1 117
7 8 2 133
7 8 3 128
7 8 4 122
7 8 5 121
7 8 6 124
7 9 1 118
7 9 2 135
7 9 3 132
7 9 4 127
7 9 5 126
7 9 6 120
7 10 1 119
7 10 2 136
7 10 3 134
7 10 4 131
7 10 5 130
7 10 6 125
7 11 1 120
7 11 2 118
7 11 3 135
7 11 4 132
7 11 5 127
7 11 6 126
7 12 1 121
7 12 2 124
7 12 3 117
7 12 4 133
7 12 5 128
7 12 6 122
8 7 1 122
8 7 2 121
8 7 3 124
8 7 4 117
8 7 5 133
8 7 6 128
8 8 1 123
8 8 2 116
8 8 3 129
8 8 4 123
8 8 5 116
8 8 6 129
8 9 1 124
8 9 2 117
8 9 3 133
8 9 4 128
8 9 5 122
8 9 6 121
8 10 1 120
8 10 2 118
8 10 3 135
8 10 4 132
8 10 5 127
8 10 6 126
8 11 1 125
8 11 2 119
8 11 3 136
8 11 4 134
8 11 5 131
8 11 6 130
8 12 1 126
8 12 2 120
8 12 3 118
8 12 4 135
8 12 5 132
8 12 6 127
9 7 1 127
9 7 2 126
9 7 3 120
9 7 4 118
9 7 5 135
9 7 6 132
9 8 1 128
9 8 2 122
9 8 3 121
9 8 4 124
9 8 5 117
9 8 6 133
9 9 1 129
9 9 2 123
9 9 3 116
9 9 4 129
9 9 5 123
9 9 6 116
9 10 1 121
9 10 2 124
9 10 3 117
9 10 4 133
9 10 5 128
9 10 6 122
9 11 1 126
9 11 2 120
9 11 3 118
9 11 4 135
9 11 5 132
9 11 6 127
9 12 1 130
9 12 2 125
9 12 3 119
9 12 4 136
9 12 5 134
9 12 6 131
10 7 1 131
10 7 2 130
10 7 3 125
10 7 4 119
10 7 5 136
10 7 6 134
10 8 1 132
10 8 2 127
10 8 3 126
10 8 4 120
10 8 5 118
10 8 6 135
10 9 1 133
10 9 2 128
10 9 3 122
10 9 4 121
10 9 5 124
10 9 6 117
10 10 1 116
10 10 2 129
10 10 3 123
10 10 4 116
10 10 5 129
10 10 6 123
10 11 1 122
10 11 2 121
10 11 3 124
10 11 4 117
10 11 5 133
10 11 6 128
10 12 1 127
10 12 2 126
10 12 3 120
10 12 4 118
10 12 5 135
10 12 6 132
11 7 1 132
11 7 2 127
11 7 3 126
11 7 4 120
11 7 5 118
11 7 6 135
11 8 1 134
11 8 2 131
11 8 3 130
11 8 4 125
11 8 5 119
11 8 6 136
11 9 1 135
11 9 2 132
11 9 3 127
11 9 4 126
11 9 5 120
11 9 6 118
11 10 1 117
11 10 2 133
11 10 3 128
11 10 4 122
11 10 5 121
11 10 6 124
11 11 1 123
11 11 2 116
11 11 3 129
11 11 4 123
11 11 5 116
11 11 6 129
11 12 1 128
11 12 2 122
11 12 3 121
11 12 4 124
11 12 5 117
11 12 6 133
12 7 1 133
12 7 2 128
12 7 3 122
12 7 4 121
12 7 5 124
12 7 6 117
12 8 1 135
12 8 2 132
12 8 3 127
12 8 4 126
12 8 5 120
12 8 6 118
12 9 1 136
12 9 2 134
12 9 3 131
12 9 4 130
12 9 5 125
12 9 6 119
12 10 1 118
12 10 2 135
12 10 3 132
12 10 4 127
12 10 5 126
12 10 6 120
12 11 1 124
12 11 2 117
12 11 3 133
12 11 4 128
12 11 5 122
12 11 6 121
12 12 1 129
12 12 2 123
12 12 3 116
12 12 4 129
12 12 5 123
12 12 6 116
7 13 1 137
7 13 2 184
7 13 3 179
7 13 4 173
7 13 5 150
7 13 6 144
7 14 1 138
7 14 2 186
7 14 3 183
7 14 4 178
7 14 5 177
7 14 6 145
7 15 1 139
7 15 2 187
7 15 3 185
7 15 4 182
7 15 5 181
7 15 6 176
7 16 1 140
7 16 2 157
7 16 3 155
7 16 4 152
7 16 5 151
7 16 6 146
7 17 1 141
7 17 2 175
7 17 3 156
7 17 4 153
7 17 5 148
7 17 6 147
7 18 1 142
7 18 2 180
7 18 3 174
7 18 4 154
7 18 5 149
7 18 6 143
8 13 1 143
8 13 2 142
8 13 3 180
8 13 4 174
8 13 5 154
8 13 6 149
8 14 1 144
8 14 2 137
8 14 3 184
8 14 4 179
8 14 5 173
8 14 6 150
8 15 1 145
8 15 2 138
8 15 3 186
8 15 4 183
8 15 5 178
8 15 6 177
8 16 1 176
8 16 2 139
8 16 3 187
8 16 4 185
8 16 5 182
8 16 6 181
8 17 1 146
8 17 2 140
8 17 3 157
8 17 4 155
8 17 5 152
8 17 6 151
8 18 1 147
8 18 2 141
8 18 3 175
8 18 4 156
8 18 5 153
8 18 6 148
9 13 1 148
9 13 2 147
9 13 3 141
9 13 4 175
9 13 5 156
9 13 6 153
9 14 1 149
9 14 2 143
9 14 3 142
9 14 4 180
9 14 5 174
9 14 6 154
9 15 1 150
9 15 2 144
9 15 3 137
9 15 4 184
9 15 5 179
9 15 6 173
9 16 1 177
9 16 2 145
9 16 3 138
9 16 4 186
9 16 5 183
9 16 6 178
9 17 1 181
9 17 2 176
9 17 3 139
9 17 4 187
9 17 5 185
9 17 6 182
9 18 1 151
9 18 2 146
9 18 3 140
9 18 4 157
9 18 5 155
9 18 6 152
10 13 1 152
10 13 2 151
10 13 3 146
10 13 4 140
10 13 5 157
10 13 6 155
10 14 1 153
10 14 2 148
10 14 3 147
10 14 4 141
10 14 5 175
10 14 6 156
10 15 1 154
10 15 2 149
10 15 3 143
10 15 4 142
10 15 5 180
10 15 6 174
10 16 1 173
10 16 2 150
10 16 3 144
10 16 4 137
10 16 5 184
10 16 6 179
10 17 1 178
10 17 2 177
10 17 3 145
10 17 4 138
10 17 5 186
10 17 6 183
10 18 1 182
10 18 2 181
10 18 3 176
10 18 4 139
10 18 5 187
10 18 6 185
11 13 1 185
11 13 2 182
11 13 3 181
11 13 4 176
11 13 5 139
11 13 6 187
11 14 1 155
11 14 2 152
11 14 3 151
11 14 4 146
11 14 5 140
11 14 6 157
11 15 1 156
11 15 2 153
11 15 3 148
11 15 4 147
11 15 5 141
11 15 6 175
11 16 1 174
11 16 2 154
11 16 3 149
11 16 4 143
11 16 5 142
11 16 6 180
11 17 1 179
11 17 2 173
11 17 3 150
11 17 4 144
11 17 5 137
11 17 6 184
11 18 1 183
11 18 2 178
11 18 3 177
11 18 4 145
11 18 5 138
11 18 6 186
12 13 1 186
12 13 2 183
12 13 3 178
12 13 4 177
12 13 5 145
12 13 6 138
12 14 1 187
12 14 2 185
12 14 3 182
12 14 4 181
12 14 5 176
12 14 6 139
12 15 1 157
12 15 2 155
12 15 3 152
12 15 4 151
12 15 5 146
12 15 6 140
12 16 1 175
12 16 2 156
12 16 3 153
12 16 4 148
12 16 5 147
12 16 6 141
12 17 1 180
12 17 2 174
12 17 3 154
12 17 4 149
12 17 5 143
12 17 6 142
12 18 1 184
12 18 2 179
12 18 3 173
12 18 4 150
12 18 5 144
12 18 6 137
13 1 1 158
13 1 2 93
13 1 3 87
13 1 4 80
13 1 5 169
13 1 6 164
13 2 1 159
13 2 2 97
13 2 3 92
13 2 4 86
13 2 5 85
13 2 6 165
13 3 1 160
13 3 2 99
13 3 3 96
13 3 4 91
13 3 5 90
13 3 6 84
13 4 1 83
13 4 2 100
13 4 3 98
13 4 4 95
13 4 5 94
13 4 6 89
13 5 1 161
13 5 2 82
13 5 3 172
13 5 4 170
13 5 5 167
13 5 6 166
13 6 1 162
13 6 2 88
13 6 3 81
13 6 4 171
13 6 5 168
13 6 6 163
14 1 1 163
14 1 2 162
14 1 3 88
14 1 4 81
14 1 5 171
14 1 6 168
14 2 1 164
14 2 2 158
14 2 3 93
14 2 4 87
14 2 5 80
14 2 6 169
14 3 1 165
14 3 2 159
14 3 3 97
14 3 4 92
14 3 5 86
14 3 6 85
14 4 1 84
14 4 2 160
14 4 3 99
14 4 4 96
14 4 5 91
14 4 6 90
14 5 1 89
14 5 2 83
14 5 3 100
14 5 4 98
14 5 5 95
14 5 6 94
14 6 1 166
14 6 2 161
14 6 3 82
14 6 4 172
14 6 5 170
14 6 6 167
15 1 1 167
15 1 2 166
15 1 3 161
15 1 4 82
15 1 5 172
15 1 6 170
15 2 1 168
15 2 2 163
15 2 3 162
15 2 4 88
15 2 5 81
15 2 6 171
15 3 1 169
15 3 2 164
15 3 3 158
15 3 4 93
15 3 5 87
15 3 6 80
15 4 1 85
15 4 2 165
15 4 3 159
15 4 4 97
15 4 5 92
15 4 6 86
15 5 1 90
15 5 2 84
15 5 3 160
15 5 4 99
15 5 5 96
15 5 6 91
15 6 1 94
15 6 2 89
15 6 3 83
15 6 4 100
15 6 5 98
15 6 6 95
16 1 1 95
16 1 2 94
16 1 3 89
16 1 4 83
16 1 5 100
16 1 6 98
16 2 1 170
16 2 2 167
16 2 3 166
16 2 4 161
16 2 5 82
16 2 6 172
16 3 1 171
16 3 2 168
16 3 3 163
16 3 4 162
16 3 5 88
16 3 6 81
16 4 1 80
16 4 2 169
16 4 3 164
16 4 4 158
16 4 5 93
16 4 6 87
16 5 1 86
16 5 2 85
16 5 3 165
16 5 4 159
16 5 5 97
16 5 6 92
16 6 1 91
16 6 2 90
16 6 3 84
16 6 4 160
16 6 5 99
16 6 6 96
17 1 1 96
17 1 2 91
17 1 3 90
17 1 4 84
17 1 5 160
17 1 6 99
17 2 1 98
17 2 2 95
17 2 3 94
17 2 4 89
17 2 5 83
17 2 6 100
17 3 1 172
17 3 2 170
17 3 3 167
17 3 4 166
17 3 5 161
17 3 6 82
17 4 1 81
17 4 2 171
17 4 3 168
17 4 4 163
17 4 5 162
17 4 6 88
17 5 1 87
17 5 2 80
17 5 3 169
17 5 4 164
17 5 5 158
17 5 6 93
17 6 1 92
17 6 2 86
17 6 3 85
17 6 4 165
17 6 5 159
17 6 6 97
18 1 1 97
18 1 2 92
18 1 3 86
18 1 4 85
18 1 5 165
18 1 6 159
18 2 1 99
18 2 2 96
18 2 3 91
18 2 4 90
18 2 5 84
18 2 6 160
18 3 1 100
18 3 2 98
18 3 3 95
18 3 4 94
18 3 5 89
18 3 6 83
18 4 1 82
18 4 2 172
18 4 3 170
18 4 4 167
18 4 5 166
18 4 6 161
18 5 1 88
18 5 2 81
18 5 3 171
18 5 4 168
18 5 5 163
18 5 6 162
18 6 1 93
18 6 2 87
18 6 3 80
18 6 4 169
18 6 5 164
18 6 6 158
13 7 1 173
13 7 2 150
13 7 3 144
13 7 4 137
13 7 5 184
13 7 6 179
13 8 1 174
13 8 2 154
13 8 3 149
13 8 4 143
13 8 5 142
13 8 6 180
13 9 1 175
13 9 2 156
13 9 3 153
13 9 4 148
13 9 5 147
13 9 6 141
13 10 1 140
13 10 2 157
13 10 3 155
13 10 4 152
13 10 5 151
13 10 6 146
13 11 1 176
13 11 2 139
13 11 3 187
13 11 4 185
13 11 5 182
13 11 6 181
13 12 1 177
13 12 2 145
13 12 3 138
13 12 4 186
13 12 5 183
13 12 6 178
14 7 1 178
14 7 2 177
14 7 3 145
14 7 4 138
14 7 5 186
14 7 6 183
14 8 1 179
14 8 2 173
14 8 3 150
14 8 4 144
14 8 5 137
14 8 6 184
14 9 1 180
14 9 2 174
14 9 3 154
14 9 4 149
14 9 5 143
14 9 6 142
14 10 1 141
14 10 2 175
14 10 3 156
14 10 4 153
14 10 5 148
14 10 6 147
14 11 1 146
14 11 2 140
14 11 3 157
14 11 4 155
14 11 5 152
14 11 6 151
14 12 1 181
14 12 2 176
14 12 3 139
14 12 4 187
14 12 5 185
14 12 6 182
15 7 1 182
15 7 2 181
15 7 3 176
15 7 4 139
15 7 5 187
15 7 6 185
15 8 1 183
15 8 2 178
15 8 3 177
15 8 4 145
15 8 5 138
15 8 6 186
15 9 1 184
15 9 2 179
15 9 3 173
15 9 4 150
15 9 5 144
15 9 6 137
15 10 1 142
15 10 2 180
15 10 3 174
15 10 4 154
15 10 5 149
15 10 6 143
15 11 1 147
15 11 2 141
15 11 3 175
15 11 4 156
15 11 5 153
15 11 6 148
15 12 1 151
15 12 2 146
15 12 3 140
15 12 4 157
15 12 5 155
15 12 6 152
16 7 1 152
16 7 2 151
16 7 3 146
16 7 4 140
16 7 5 157
16 7 6 155
16 8 1 185
16 8 2 182
16 8 3 181
16 8 4 176
16 8 5 139
16 8 6 187
16 9 1 186
16 9 2 183
16 9 3 178
16 9 4 177
16 9 5 145
16 9 6 138
16 10 1 137
16 10 2 184
16 10 3 179
16 10 4 173
16 10 5 150
16 10 6 144
16 11 1 143
16 11 2 142
16 11 3 180
16 11 4 174
16 11 5 154
16 11 6 149
16 12 1 148
16 12 2 147
16 12 3 141
16 12 4 175
16 12 5 156
16 12 6 153
17 7 1 153
17 7 2 148
17 7 3 147
17 7 4 141
17 7 5 175
17 7 6 156
17 8 1 155
17 8 2 152
17 8 3 151
17 8 4 146
17 8 5 140
17 8 6 157
17 9 1 187
17 9 2 185
17 9 3 182
17 9 4 181
17 9 5 176
17 9 6 139
17 10 1 138
17 10 2 186
17 10 3 183
17 10 4 178
17 10 5 177
17 10 6 145
17 11 1 144
17 11 2 137
17 11 3 184
17 11 4 179
17 11 5 173
17 11 6 150
17 12 1 149
17 12 2 143
17 12 3 142
17 12 4 180
17 12 5 174
17 12 6 154
18 7 1 154
18 7 2 149
18 7 3 143
18 7 4 142
18 7 5 180
18 7 6 174
18 8 1 156
18 8 2 153
18 8 3 148
18 8 4 147
18 8 5 141
18 8 6 175
18 9 1 157
18 9 2 155
18 9 3 152
18 9 4 151
18 9 5 146
18 9 6 140
18 10 1 139
18 10 2 187
18 10 3 185
18 10 4 182
18 10 5 181
18 10 6 176
18 11 1 145
18 11 2 138
18 11 3 186
18 11 4 183
18 11 5 178
18 11 6 177
18 12 1 150
18 12 2 144
18 12 3 137
18 12 4 184
18 12 5 179
18 12 6 173
13 13 1 188
13 13 2 201
13 13 3 195
13 13 4 188
13 13 5 201
13 13 6 195
13 14 1 189
13 14 2 205
13 14 3 200
13 14 4 194
13 14 5 193
13 14 6 196
13 15 1 190
13 15 2 207
13 15 3 204
13 15 4 199
13 15 5 198
13 15 6 192
13 16 1 191
13 16 2 208
13 16 3 206
13 16 4 203
13 16 5 202
13 16 6 197
13 17 1 192
13 17 2 190
13 17 3 207
13 17 4 204
13 17 5 199
13 17 6 198
13 18 1 193
13 18 2 196
13 18 3 189
13 18 4 205
13 18 5 200
13 18 6 194
14 13 1 194
14 13 2 193
14 13 3 196
14 13 4 189
14 13 5 205
14 13 6 200
14 14 1 195
14 14 2 188
14 14 3 201
14 14 4 195
14 14 5 188
14 14 6 201
14 15 1 196
14 15 2 189
14 15 3 205
14 15 4 200
14 15 5 194
14 15 6 193
14 16 1 192
14 16 2 190
14 16 3 207
14 16 4 204
14 16 5 199
14 16 6 198
14 17 1 197
14 17 2 191
14 17 3 208
14 17 4 206
14 17 5 203
14 17 6 202
14 18 1 198
14 18 2 192
14 18 3 190
14 18 4 207
14 18 5 204
14 18 6 199
15 13 1 199
15 13 2 198
15 13 3 192
15 13 4 190
15 13 5 207
15 13 6 204
15 14 1 200
15 14 2 194
15 14 3 193
15 14 4 196
15 14 5 189
15 14 6 205
15 15 1 201
15 15 2 195
15 15 3 188
15 15 4 201
15 15 5 195
15 15 6 188
15 16 1 193
15 16 2 196
15 16 3 189
15 16 4 205
15 16 5 200
15 16 6 194
15 17 1 198
15 17 2 192
15 17 3 190
15 17 4 207
15 17 5 204
15 17 6 199
15 18 1 202
15 18 2 197
15 18 3 191
15 18 4 208
15 18 5 206
15 18 6 203
16 13 1 203
16 13 2 202
16 13 3 197
16 13 4 191
16 13 5 208
16 13 6 206
16 14 1 204
16 14 2 199
16 14 3 198
16 14 4 192
16 14 5 190
16 14 6 207
16 15 1 205
16 15 2 200
16 15 3 194
16 15 4 193
16 15 5 196
16 15 6 189
16 16 1 188
16 16 2 201
16 16 3 195
16 16 4 188
16 16 5 201
16 16 6 195
16 17 1 194
16 17 2 193
16 17 3 196
16 17 4 189
16 17 5 205
16 17 6 200
16 18 1 199
16 18 2 198
16 18 3 192
16 18 4 190
16 18 5 207
16 18 6 204
17 13 1 204
17 13 2 199
17 13 3 198
17 13 4 192
17 13 5 190
17 13 6 207
17 14 1 206
17 14 2 203
17 14 3 202
17 14 4 197
17 14 5 191
17 14 6 208
17 15 1 207
17 15 2 204
17 15 3 199
17 15 4 198
17 15 5 192
17 15 6 190
17 16 1 189
17 16 2 205
17 16 3 200
17 16 4 194
17 16 5 193
17 16 6 196
17 17 1 195
17 17 2 188
17 17 3 201
17 17 4 195
17 17 5 188
17 17 6 201
17 18 1 200
17 18 2 194
17 18 3 193
17 18 4 196
17 18 5 189
17 18 6 205
18 13 1 205
18 13 2 200
18 13 3 194
18 13 4 193
18 13 5 196
18 13 6 189
18 14 1 207
18 14 2 204
18 14 3 199
18 14 4 198
18 14 5 192
18 14 6 190
18 15 1 208
18 15 2 206
18 15 3 203
18 15 4 202
18 15 5 197
18 15 6 191
18 16 1 190
18 16 2 207
18 16 3 204
18 16 4 199
18 16 5 198
18 16 6 192
18 17 1 196
18 17 2 189
18 17 3 205
18 17 4 200
18 17 5 194
18 17 6 193
18 18 1 201
18 18 2 195
18 18 3 188
18 18 4 201
18 18 5 195
18 18 6 188
#END