0 0 0 0
1 1 0 1
2 2 0 2
3 3 0 3
4 4 0 4
5 5 0 5
6 6 0 6
7 7 0 7
8 8 0 8
9 9 0 9
10 10 0 10
11 11 0 11
12 12 0 12
0 0 1 13
0 0 2 13
0 0 3 13
0 0 4 13
0 0 5 13
0 0 6 13
1 0 1 14
2 0 1 15
3 0 1 16
4 0 1 17
5 0 1 18
6 0 1 19
1 0 2 19
2 0 2 14
3 0 2 15
4 0 2 16
5 0 2 17
6 0 2 18
1 0 3 18
2 0 3 19
3 0 3 14
4 0 3 15
5 0 3 16
6 0 3 17
1 0 4 17
2 0 4 18
3 0 4 19
4 0 4 14
5 0 4 15
6 0 4 16
1 0 5 16
2 0 5 17
3 0 5 18
4 0 5 19
5 0 5 14
6 0 5 15
1 0 6 15
2 0 6 16
3 0 6 17
4 0 6 18
5 0 6 19
6 0 6 14
0 1 1 17
0 2 1 18
0 3 1 19
0 4 1 14
0 5 1 15
0 6 1 16
0 1 2 16
0 2 2 17
0 3 2 18
0 4 2 19
0 5 2 14
0 6 2 15
0 1 3 15
0 2 3 16
0 3 3 17
0 4 3 18
0 5 3 19
0 6 3 14
0 1 4 14
0 2 4 15
0 3 4 16
0 4 4 17
0 5 4 18
0 6 4 19
0 1 5 19
0 2 5 14
0 3 5 15
0 4 5 16
0 5 5 17
0 6 5 18
0 1 6 18
0 2 6 19
0 3 6 14
0 4 6 15
0 5 6 16
0 6 6 17
7 0 1 20
8 0 1 21
9 0 1 22
10 0 1 23
11 0 1 24
12 0 1 25
7 0 2 25
8 0 2 20
9 0 2 21
10 0 2 22
11 0 2 23
12 0 2 24
7 0 3 24
8 0 3 25
9 0 3 20
10 0 3 21
11 0 3 22
12 0 3 23
7 0 4 23
8 0 4 24
9 0 4 25
10 0 4 20
11 0 4 21
12 0 4 22
7 0 5 22
8 0 5 23
9 0 5 24
10 0 5 25
11 0 5 20
12 0 5 21
7 0 6 21
8 0 6 22
9 0 6 23
10 0 6 24
11 0 6 25
12 0 6 20
0 7 1 23
0 8 1 24
0 9 1 25
0 10 1 20
0 11 1 21
0 12 1 22
0 7 2 22
0 8 2 23
0 9 2 24
0 10 2 25
0 11 2 20
0 12 2 21
0 7 3 21
0 8 3 22
0 9 3 23
0 10 3 24
0 11 3 25
0 12 3 20
0 7 4 20
0 8 4 21
0 9 4 22
0 10 4 23
0 11 4 24
0 12 4 25
0 7 5 25
0 8 5 20
0 9 5 21
0 10 5 22
0 11 5 23
0 12 5 24
0 7 6 24
0 8 6 25
0 9 6 20
0 10 6 21
0 11 6 22
0 12 6 23
1 1 1 26
1 1 2 39
1 1 3 33
1 1 4 26
1 1 5 39
1 1 6 33
1 2 1 27
1 2 2 43
1 2 3 38
1 2 4 32
1 2 5 31
1 2 6 34
1 3 1 28
1 3 2 45
1 3 3 42
1 3 4 37
1 3 5 36
1 3 6 30
1 4 1 29
1 4 2 46
1 4 3 44
1 4 4 41
1 4 5 40
1 4 6 35
1 5 1 30
1 5 2 28
1 5 3 45
1 5 4 42
1 5 5 37
1 5 6 36
1 6 1 31
1 6 2 34
1 6 3 27
1 6 4 43
1 6 5 38
1 6 6 32
2 1 1 32
2 1 2 31
2 1 3 34
2 1 4 27
2 1 5 43
2 1 6 38
2 2 1 33
2 2 2 26
2 2 3 39
2 2 4 33
2 2 5 26
2 2 6 39
2 3 1 34
2 3 2 27
2 3 3 43
2 3 4 38
2 3 5 32
2 3 6 31
2 4 1 30
2 4 2 28
2 4 3 45
2 4 4 42
2 4 5 37
2 4 6 36
2 5 1 35
2 5 2 29
2 5 3 46
2 5 4 44
2 5 5 41
2 5 6 40
2 6 1 36
2 6 2 30
2 6 3 28
2 6 4 45
2 6 5 42
2 6 6 37
3 1 1 37
3 1 2 36
3 1 3 30
3 1 4 28
3 1 5 45
3 1 6 42
3 2 1 38
3 2 2 32
3 2 3 31
3 2 4 34
3 2 5 27
3 2 6 43
3 3 1 39
3 3 2 33
3 3 3 26
3 3 4 39
3 3 5 33
3 3 6 26
3 4 1 31
3 4 2 34
3 4 3 27
3 4 4 43
3 4 5 38
3 4 6 32
3 5 1 36
3 5 2 30
3 5 3 28
3 5 4 45
3 5 5 42
3 5 6 37
3 6 1 40
3 6 2 35
3 6 3 29
3 6 4 46
3 6 5 44
3 6 6 41
4 1 1 41
4 1 2 40
4 1 3 35
4 1 4 29
4 1 5 46
4 1 6 44
4 2 1 42
4 2 2 37
4 2 3 36
4 2 4 30
4 2 5 28
4 2 6 45
4 3 1 43
4 3 2 38
4 3 3 32
4 3 4 31
4 3 5 34
4 3 6 27
4 4 1 26
4 4 2 39
4 4 3 33
4 4 4 26
4 4 5 39
4 4 6 33
4 5 1 32
4 5 2 31
4 5 3 34
4 5 4 27
4 5 5 43
4 5 6 38
4 6 1 37
4 6 2 36
4 6 3 30
4 6 4 28
4 6 5 45
4 6 6 42
5 1 1 42
5 1 2 37
5 1 3 36
5 1 4 30
5 1 5 28
5 1 6 45
5 2 1 44
5 2 2 41
5 2 3 40
5 2 4 35
5 2 5 29
5 2 6 46
5 3 1 45
5 3 2 42
5 3 3 37
5 3 4 36
5 3 5 30
5 3 6 28
5 4 1 27
5 4 2 43
5 4 3 38
5 4 4 32
5 4 5 31
5 4 6 34
5 5 1 33
5 5 2 26
5 5 3 39
5 5 4 33
5 5 5 26
5 5 6 39
5 6 1 38
5 6 2 32
5 6 3 31
5 6 4 34
5 6 5 27
5 6 6 43
6 1 1 43
6 1 2 38
6 1 3 32
6 1 4 31
6 1 5 34
6 1 6 27
6 2 1 45
6 2 2 42
6 2 3 37
6 2 4 36
6 2 5 30
6 2 6 28
6 3 1 46
6 3 2 44
6 3 3 41
6 3 4 40
6 3 5 35
6 3 6 29
6 4 1 28
6 4 2 45
6 4 3 42
6 4 4 37
6 4 5 36
6 4 6 30
6 5 1 34
6 5 2 27
6 5 3 43
6 5 4 38
6 5 5 32
6 5 6 31
6 6 1 39
6 6 2 33
6 6 3 26
6 6 4 39
6 6 5 33
6 6 6 26
1 7 1 47
1 7 2 79
1 7 3 74
1 7 4 68
1 7 5 60
1 7 6 54
1 8 1 48
1 8 2 81
1 8 3 78
1 8 4 73
1 8 5 72
1 8 6 55
1 9 1 49
1 9 2 82
1 9 3 80
1 9 4 77
1 9 5 76
1 9 6 71
1 10 1 50
1 10 2 67
1 10 3 65
1 10 4 62
1 10 5 61
1 10 6 56
1 11 1 51
1 11 2 70
1 11 3 66
1 11 4 63
1 11 5 58
1 11 6 57
1 12 1 52
1 12 2 75
1 12 3 69
1 12 4 64
1 12 5 59
1 12 6 53
2 7 1 53
2 7 2 52
2 7 3 75
2 7 4 69
2 7 5 64
2 7 6 59
2 8 1 54
2 8 2 47
2 8 3 79
2 8 4 74
2 8 5 68
2 8 6 60
2 9 1 55
2 9 2 48
2 9 3 81
2 9 4 78
2 9 5 73
2 9 6 72
2 10 1 71
2 10 2 49
2 10 3 82
2 10 4 80
2 10 5 77
2 10 6 76
2 11 1 56
2 11 2 50
2 11 3 67
2 11 4 65
2 11 5 62
2 11 6 61
2 12 1 57
2 12 2 51
2 12 3 70
2 12 4 66
2 12 5 63
2 12 6 58
3 7 1 58
3 7 2 57
3 7 3 51
3 7 4 70
3 7 5 66
3 7 6 63
3 8 1 59
3 8 2 53
3 8 3 52
3 8 4 75
3 8 5 69
3 8 6 64
3 9 1 60
3 9 2 54
3 9 3 47
3 9 4 79
3 9 5 74
3 9 6 68
3 10 1 72
3 10 2 55
3 10 3 48
3 10 4 81
3 10 5 78
3 10 6 73
3 11 1 76
3 11 2 71
3 11 3 49
3 11 4 82
3 11 5 80
3 11 6 77
3 12 1 61
3 12 2 56
3 12 3 50
3 12 4 67
3 12 5 65
3 12 6 62
4 7 1 62
4 7 2 61
4 7 3 56
4 7 4 50
4 7 5 67
4 7 6 65
4 8 1 63
4 8 2 58
4 8 3 57
4 8 4 51
4 8 5 70
4 8 6 66
4 9 1 64
4 9 2 59
4 9 3 53
4 9 4 52
4 9 5 75
4 9 6 69
4 10 1 68
4 10 2 60
4 10 3 54
4 10 4 47
4 10 5 79
4 10 6 74
4 11 1 73
4 11 2 72
4 11 3 55
4 11 4 48
4 11 5 81
4 11 6 78
4 12 1 77
4 12 2 76
4 12 3 71
4 12 4 49
4 12 5 82
4 12 6 80
5 7 1 80
5 7 2 77
5 7 3 76
5 7 4 71
5 7 5 49
5 7 6 82
5 8 1 65
5 8 2 62
5 8 3 61
5 8 4 56
5 8 5 50
5 8 6 67
5 9 1 66
5 9 2 63
5 9 3 58
5 9 4 57
5 9 5 51
5 9 6 70
5 10 1 69
5 10 2 64
5 10 3 59
5 10 4 53
5 10 5 52
5 10 6 75
5 11 1 74
5 11 2 68
5 11 3 60
5 11 4 54
5 11 5 47
5 11 6 79
5 12 1 78
5 12 2 73
5 12 3 72
5 12 4 55
5 12 5 48
5 12 6 81
6 7 1 81
6 7 2 78
6 7 3 73
6 7 4 72
6 7 5 55
6 7 6 48
6 8 1 82
6 8 2 80
6 8 3 77
6 8 4 76
6 8 5 71
6 8 6 49
6 9 1 67
6 9 2 65
6 9 3 62
6 9 4 61
6 9 5 56
6 9 6 50
6 10 1 70
6 10 2 66
6 10 3 63
6 10 4 58
6 10 5 57
6 10 6 51
6 11 1 75
6 11 2 69
6 11 3 64
6 11 4 59
6 11 5 53
6 11 6 52
6 12 1 79
6 12 2 74
6 12 3 68
6 12 4 60
6 12 5 54
6 12 6 47
7 1 1 68
7 1 2 60
7 1 3 54
7 1 4 47
7 1 5 79
7 1 6 74
7 2 1 69
7 2 2 64
7 2 3 59
7 2 4 53
7 2 5 52
7 2 6 75
7 3 1 70
7 3 2 66
7 3 3 63
7 3 4 58
7 3 5 57
7 3 6 51
7 4 1 50
7 4 2 67
7 4 3 65
7 4 4 62
7 4 5 61
7 4 6 56
7 5 1 71
7 5 2 49
7 5 3 82
7 5 4 80
7 5 5 77
7 5 6 76
7 6 1 72
7 6 2 55
7 6 3 48
7 6 4 81
7 6 5 78
7 6 6 73
8 1 1 73
8 1 2 72
8 1 3 55
8 1 4 48
8 1 5 81
8 1 6 78
8 2 1 74
8 2 2 68
8 2 3 60
8 2 4 54
8 2 5 47
8 2 6 79
8 3 1 75
8 3 2 69
8 3 3 64
8 3 4 59
8 3 5 53
8 3 6 52
8 4 1 51
8 4 2 70
8 4 3 66
8 4 4 63
8 4 5 58
8 4 6 57
8 5 1 56
8 5 2 50
8 5 3 67
8 5 4 65
8 5 5 62
8 5 6 61
8 6 1 76
8 6 2 71
8 6 3 49
8 6 4 82
8 6 5 80
8 6 6 77
9 1 1 77
9 1 2 76
9 1 3 71
9 1 4 49
9 1 5 82
9 1 6 80
9 2 1 78
9 2 2 73
9 2 3 72
9 2 4 55
9 2 5 48
9 2 6 81
9 3 1 79
9 3 2 74
9 3 3 68
9 3 4 60
9 3 5 54
9 3 6 47
9 4 1 52
9 4 2 75
9 4 3 69
9 4 4 64
9 4 5 59
9 4 6 53
9 5 1 57
9 5 2 51
9 5 3 70
9 5 4 66
9 5 5 63
9 5 6 58
9 6 1 61
9 6 2 56
9 6 3 50
9 6 4 67
9 6 5 65
9 6 6 62
10 1 1 62
10 1 2 61
10 1 3 56
10 1 4 50
10 1 5 67
10 1 6 65
10 2 1 80
10 2 2 77
10 2 3 76
10 2 4 71
10 2 5 49
10 2 6 82
10 3 1 81
10 3 2 78
10 3 3 73
10 3 4 72
10 3 5 55
10 3 6 48
10 4 1 47
10 4 2 79
10 4 3 74
10 4 4 68
10 4 5 60
10 4 6 54
10 5 1 53
10 5 2 52
10 5 3 75
10 5 4 69
10 5 5 64
10 5 6 59
10 6 1 58
10 6 2 57
10 6 3 51
10 6 4 70
10 6 5 66
10 6 6 63
11 1 1 63
11 1 2 58
11 1 3 57
11 1 4 51
11 1 5 70
11 1 6 66
11 2 1 65
11 2 2 62
11 2 3 61
11 2 4 56
11 2 5 50
11 2 6 67
11 3 1 82
11 3 2 80
11 3 3 77
11 3 4 76
11 3 5 71
11 3 6 49
11 4 1 48
11 4 2 81
11 4 3 78
11 4 4 73
11 4 5 72
11 4 6 55
11 5 1 54
11 5 2 47
11 5 3 79
11 5 4 74
11 5 5 68
11 5 6 60
11 6 1 59
11 6 2 53
11 6 3 52
11 6 4 75
11 6 5 69
11 6 6 64
12 1 1 64
12 1 2 59
12 1 3 53
12 1 4 52
12 1 5 75
12 1 6 69
12 2 1 66
12 2 2 63
12 2 3 58
12 2 4 57
12 2 5 51
12 2 6 70
12 3 1 67
12 3 2 65
12 3 3 62
12 3 4 61
12 3 5 56
12 3 6 50
12 4 1 49
12 4 2 82
12 4 3 80
12 4 4 77
12 4 5 76
12 4 6 71
12 5 1 55
12 5 2 48
12 5 3 81
12 5 4 78
12 5 5 73
12 5 6 72
12 6 1 60
12 6 2 54
12 6 3 47
12 6 4 79
12 6 5 74
12 6 6 68
7 7 1 83
7 7 2 96
7 7 3 90
7 7 4 83
7 7 5 96
7 7 6 90
7 8 1 84
7 8 2 100
7 8 3 95
7 8 4 89
7 8 5 88
7 8 6 91
7 9 1 85
7 9 2 102
7 9 3 99
7 9 4 94
7 9 5 93
7 9 6 87
7 10 1 86
7 10 2 103
7 10 3 101
7 10 4 98
7 10 5 97
7 10 6 92
7 11 1 87
7 11 2 85
7 11 3 102
7 11 4 99
7 11 5 94
7 11 6 93
7 12 1 88
7 12 2 91
7 12 3 84
7 12 4 100
7 12 5 95
7 12 6 89
8 7 1 89
8 7 2 88
8 7 3 91
8 7 4 84
8 7 5 100
8 7 6 95
8 8 1 90
8 8 2 83
8 8 3 96
8 8 4 90
8 8 5 83
8 8 6 96
8 9 1 91
8 9 2 84
8 9 3 100
8 9 4 95
8 9 5 89
8 9 6 88
8 10 1 87
8 10 2 85
8 10 3 102
8 10 4 99
8 10 5 94
8 10 6 93
8 11 1 92
8 11 2 86
8 11 3 103
8 11 4 101
8 11 5 98
8 11 6 97
8 12 1 93
8 12 2 87
8 12 3 85
8 12 4 102
8 12 5 99
8 12 6 94
9 7 1 94
9 7 2 93
9 7 3 87
9 7 4 85
9 7 5 102
9 7 6 99
9 8 1 95
9 8 2 89
9 8 3 88
9 8 4 91
9 8 5 84
9 8 6 100
9 9 1 96
9 9 2 90
9 9 3 83
9 9 4 96
9 9 5 90
9 9 6 83
9 10 1 88
9 10 2 91
9 10 3 84
9 10 4 100
9 10 5 95
9 10 6 89
9 11 1 93
9 11 2 87
9 11 3 85
9 11 4 102
9 11 5 99
9 11 6 94
9 12 1 97
9 12 2 92
9 12 3 86
9 12 4 103
9 12 5 101
9 12 6 98
10 7 1 98
10 7 2 97
10 7 3 92
10 7 4 86
10 7 5 103
10 7 6 101
10 8 1 99
10 8 2 94
10 8 3 93
10 8 4 87
10 8 5 85
10 8 6 102
10 9 1 100
10 9 2 95
10 9 3 89
10 9 4 88
10 9 5 91
10 9 6 84
10 10 1 83
10 10 2 96
10 10 3 90
10 10 4 83
10 10 5 96
10 10 6 90
10 11 1 89
10 11 2 88
10 11 3 91
10 11 4 84
10 11 5 100
10 11 6 95
10 12 1 94
10 12 2 93
10 12 3 87
10 12 4 85
10 12 5 102
10 12 6 99
11 7 1 99
11 7 2 94
11 7 3 93
11 7 4 87
11 7 5 85
11 7 6 102
11 8 1 101
11 8 2 98
11 8 3 97
11 8 4 92
11 8 5 86
11 8 6 103
11 9 1 102
11 9 2 99
11 9 3 94
11 9 4 93
11 9 5 87
11 9 6 85
11 10 1 84
11 10 2 100
11 10 3 95
11 10 4 89
11 10 5 88
11 10 6 91
11 11 1 90
11 11 2 83
11 11 3 96
11 11 4 90
11 11 5 83
11 11 6 96
11 12 1 95
11 12 2 89
11 12 3 88
11 12 4 91
11 12 5 84
11 12 6 100
12 7 1 100
12 7 2 95
12 7 3 89
12 7 4 88
12 7 5 91
12 7 6 84
12 8 1 102
12 8 2 99
12 8 3 94
12 8 4 93
12 8 5 87
12 8 6 85
12 9 1 103
12 9 2 101
12 9 3 98
12 9 4 97
12 9 5 92
12 9 6 86
12 10 1 85
12 10 2 102
12 10 3 99
12 10 4 94
12 10 5 93
12 10 6 87
12 11 1 91
12 11 2 84
12 11 3 100
12 11 4 95
12 11 5 89
12 11 6 88
12 12 1 96
12 12 2 90
12 12 3 83
12 12 4 96
12 12 5 90
12 12 6 83
#END