0 0 0 0
1 1 0 1
2 2 0 2
3 3 0 3
4 4 0 4
5 5 0 5
6 6 0 6
7 7 0 7
8 8 0 8
9 9 0 9
10 10 0 10
11 11 0 11
12 12 0 12
13 13 0 13
14 14 0 14
15 15 0 15
16 16 0 16
17 17 0 17
18 18 0 18
19 19 0 19
20 20 0 20
21 21 0 21
22 22 0 22
23 23 0 23
24 24 0 24
0 0 1 25
0 0 2 25
0 0 3 25
0 0 4 25
0 0 5 25
0 0 6 25
1 0 1 26
2 0 1 27
3 0 1 28
4 0 1 29
5 0 1 30
6 0 1 31
1 0 2 31
2 0 2 26
3 0 2 27
4 0 2 28
5 0 2 29
6 0 2 30
1 0 3 30
2 0 3 31
3 0 3 26
4 0 3 27
5 0 3 28
6 0 3 29
1 0 4 29
2 0 4 30
3 0 4 31
4 0 4 26
5 0 4 27
6 0 4 28
1 0 5 28
2 0 5 29
3 0 5 30
4 0 5 31
5 0 5 26
6 0 5 27
1 0 6 27
2 0 6 28
3 0 6 29
4 0 6 30
5 0 6 31
6 0 6 26
0 1 1 29
0 2 1 30
0 3 1 31
0 4 1 26
0 5 1 27
0 6 1 28
0 1 2 28
0 2 2 29
0 3 2 30
0 4 2 31
0 5 2 26
0 6 2 27
0 1 3 27
0 2 3 28
0 3 3 29
0 4 3 30
0 5 3 31
0 6 3 26
0 1 4 26
0 2 4 27
0 3 4 28
0 4 4 29
0 5 4 30
0 6 4 31
0 1 5 31
0 2 5 26
0 3 5 27
0 4 5 28
0 5 5 29
0 6 5 30
0 1 6 30
0 2 6 31
0 3 6 26
0 4 6 27
0 5 6 28
0 6 6 29
7 0 1 32
8 0 1 33
9 0 1 34
10 0 1 35
11 0 1 36
12 0 1 37
7 0 2 37
8 0 2 32
9 0 2 33
10 0 2 34
11 0 2 35
12 0 2 36
7 0 3 36
8 0 3 37
9 0 3 32
10 0 3 33
11 0 3 34
12 0 3 35
7 0 4 35
8 0 4 36
9 0 4 37
10 0 4 32
11 0 4 33
12 0 4 34
7 0 5 34
8 0 5 35
9 0 5 36
10 0 5 37
11 0 5 32
12 0 5 33
7 0 6 33
8 0 6 34
9 0 6 35
10 0 6 36
11 0 6 37
12 0 6 32
0 7 1 35
0 8 1 36
0 9 1 37
0 10 1 32
0 11 1 33
0 12 1 34
0 7 2 34
0 8 2 35
0 9 2 36
0 10 2 37
0 11 2 32
0 12 2 33
0 7 3 33
0 8 3 34
0 9 3 35
0 10 3 36
0 11 3 37
0 12 3 32
0 7 4 32
0 8 4 33
0 9 4 34
0 10 4 35
0 11 4 36
0 12 4 37
0 7 5 37
0 8 5 32
0 9 5 33
0 10 5 34
0 11 5 35
0 12 5 36
0 7 6 36
0 8 6 37
0 9 6 32
0 10 6 33
0 11 6 34
0 12 6 35
13 0 1 38
14 0 1 39
15 0 1 40
16 0 1 41
17 0 1 42
18 0 1 43
13 0 2 43
14 0 2 38
15 0 2 39
16 0 2 40
17 0 2 41
18 0 2 42
13 0 3 42
14 0 3 43
15 0 3 38
16 0 3 39
17 0 3 40
18 0 3 41
13 0 4 41
14 0 4 42
15 0 4 43
16 0 4 38
17 0 4 39
18 0 4 40
13 0 5 40
14 0 5 41
15 0 5 42
16 0 5 43
17 0 5 38
18 0 5 39
13 0 6 39
14 0 6 40
15 0 6 41
16 0 6 42
17 0 6 43
18 0 6 38
0 13 1 41
0 14 1 42
0 15 1 43
0 16 1 38
0 17 1 39
0 18 1 40
0 13 2 40
0 14 2 41
0 15 2 42
0 16 2 43
0 17 2 38
0 18 2 39
0 13 3 39
0 14 3 40
0 15 3 41
0 16 3 42
0 17 3 43
0 18 3 38
0 13 4 38
0 14 4 39
0 15 4 40
0 16 4 41
0 17 4 42
0 18 4 43
0 13 5 43
0 14 5 38
0 15 5 39
0 16 5 40
0 17 5 41
0 18 5 42
0 13 6 42
0 14 6 43
0 15 6 38
0 16 6 39
0 17 6 40
0 18 6 41
19 0 1 44
20 0 1 45
21 0 1 46
22 0 1 47
23 0 1 48
24 0 1 49
19 0 2 49
20 0 2 44
21 0 2 45
22 0 2 46
23 0 2 47
24 0 2 48
19 0 3 48
20 0 3 49
21 0 3 44
22 0 3 45
23 0 3 46
24 0 3 47
19 0 4 47
20 0 4 48
21 0 4 49
22 0 4 44
23 0 4 45
24 0 4 46
19 0 5 46
20 0 5 47
21 0 5 48
22 0 5 49
23 0 5 44
24 0 5 45
19 0 6 45
20 0 6 46
21 0 6 47
22 0 6 48
23 0 6 49
24 0 6 44
0 19 1 47
0 20 1 48
0 21 1 49
0 22 1 44
0 23 1 45
0 24 1 46
0 19 2 46
0 20 2 47
0 21 2 48
0 22 2 49
0 23 2 44
0 24 2 45
0 19 3 45
0 20 3 46
0 21 3 47
0 22 3 48
0 23 3 49
0 24 3 44
0 19 4 44
0 20 4 45
0 21 4 46
0 22 4 47
0 23 4 48
0 24 4 49
0 19 5 49
0 20 5 44
0 21 5 45
0 22 5 46
0 23 5 47
0 24 5 48
0 19 6 48
0 20 6 49
0 21 6 44
0 22 6 45
0 23 6 46
0 24 6 47
1 1 1 50
1 1 2 63
1 1 3 57
1 1 4 50
1 1 5 63
1 1 6 57
1 2 1 51
1 2 2 67
1 2 3 62
1 2 4 56
1 2 5 55
1 2 6 58
1 3 1 52
1 3 2 69
1 3 3 66
1 3 4 61
1 3 5 60
1 3 6 54
1 4 1 53
1 4 2 70
1 4 3 68
1 4 4 65
1 4 5 64
1 4 6 59
1 5 1 54
1 5 2 52
1 5 3 69
1 5 4 66
1 5 5 61
1 5 6 60
1 6 1 55
1 6 2 58
1 6 3 51
1 6 4 67
1 6 5 62
1 6 6 56
2 1 1 56
2 1 2 55
2 1 3 58
2 1 4 51
2 1 5 67
2 1 6 62
2 2 1 57
2 2 2 50
2 2 3 63
2 2 4 57
2 2 5 50
2 2 6 63
2 3 1 58
2 3 2 51
2 3 3 67
2 3 4 62
2 3 5 56
2 3 6 55
2 4 1 54
2 4 2 52
2 4 3 69
2 4 4 66
2 4 5 61
2 4 6 60
2 5 1 59
2 5 2 53
2 5 3 70
2 5 4 68
2 5 5 65
2 5 6 64
2 6 1 60
2 6 2 54
2 6 3 52
2 6 4 69
2 6 5 66
2 6 6 61
3 1 1 61
3 1 2 60
3 1 3 54
3 1 4 52
3 1 5 69
3 1 6 66
3 2 1 62
3 2 2 56
3 2 3 55
3 2 4 58
3 2 5 51
3 2 6 67
3 3 1 63
3 3 2 57
3 3 3 50
3 3 4 63
3 3 5 57
3 3 6 50
3 4 1 55
3 4 2 58
3 4 3 51
3 4 4 67
3 4 5 62
3 4 6 56
3 5 1 60
3 5 2 54
3 5 3 52
3 5 4 69
3 5 5 66
3 5 6 61
3 6 1 64
3 6 2 59
3 6 3 53
3 6 4 70
3 6 5 68
3 6 6 65
4 1 1 65
4 1 2 64
4 1 3 59
4 1 4 53
4 1 5 70
4 1 6 68
4 2 1 66
4 2 2 61
4 2 3 60
4 2 4 54
4 2 5 52
4 2 6 69
4 3 1 67
4 3 2 62
4 3 3 56
4 3 4 55
4 3 5 58
4 3 6 51
4 4 1 50
4 4 2 63
4 4 3 57
4 4 4 50
4 4 5 63
4 4 6 57
4 5 1 56
4 5 2 55
4 5 3 58
4 5 4 51
4 5 5 67
4 5 6 62
4 6 1 61
4 6 2 60
4 6 3 54
4 6 4 52
4 6 5 69
4 6 6 66
5 1 1 66
5 1 2 61
5 1 3 60
5 1 4 54
5 1 5 52
5 1 6 69
5 2 1 68
5 2 2 65
5 2 3 64
5 2 4 59
5 2 5 53
5 2 6 70
5 3 1 69
5 3 2 66
5 3 3 61
5 3 4 60
5 3 5 54
5 3 6 52
5 4 1 51
5 4 2 67
5 4 3 62
5 4 4 56
5 4 5 55
5 4 6 58
5 5 1 57
5 5 2 50
5 5 3 63
5 5 4 57
5 5 5 50
5 5 6 63
5 6 1 62
5 6 2 56
5 6 3 55
5 6 4 58
5 6 5 51
5 6 6 67
6 1 1 67
6 1 2 62
6 1 3 56
6 1 4 55
6 1 5 58
6 1 6 51
6 2 1 69
6 2 2 66
6 2 3 61
6 2 4 60
6 2 5 54
6 2 6 52
6 3 1 70
6 3 2 68
6 3 3 65
6 3 4 64
6 3 5 59
6 3 6 53
6 4 1 52
6 4 2 69
6 4 3 66
6 4 4 61
6 4 5 60
6 4 6 54
6 5 1 58
6 5 2 51
6 5 3 67
6 5 4 62
6 5 5 56
6 5 6 55
6 6 1 63
6 6 2 57
6 6 3 50
6 6 4 63
6 6 5 57
6 6 6 50
1 7 1 71
1 7 2 145
1 7 3 140
1 7 4 134
1 7 5 84
1 7 6 78
1 8 1 72
1 8 2 147
1 8 3 144
1 8 4 139
1 8 5 138
1 8 6 79
1 9 1 73
1 9 2 148
1 9 3 146
1 9 4 143
1 9 5 142
1 9 6 137
1 10 1 74
1 10 2 91
1 10 3 89
1 10 4 86
1 10 5 85
1 10 6 80
1 11 1 75
1 11 2 136
1 11 3 90
1 11 4 87
1 11 5 82
1 11 6 81
1 12 1 76
1 12 2 141
1 12 3 135
1 12 4 88
1 12 5 83
1 12 6 77
2 7 1 77
2 7 2 76
2 7 3 141
2 7 4 135
2 7 5 88
2 7 6 83
2 8 1 78
2 8 2 71
2 8 3 145
2 8 4 140
2 8 5 134
2 8 6 84
2 9 1 79
2 9 2 72
2 9 3 147
2 9 4 144
2 9 5 139
2 9 6 138
2 10 1 137
2 10 2 73
2 10 3 148
2 10 4 146
2 10 5 143
2 10 6 142
2 11 1 80
2 11 2 74
2 11 3 91
2 11 4 89
2 11 5 86
2 11 6 85
2 12 1 81
2 12 2 75
2 12 3 136
2 12 4 90
2 12 5 87
2 12 6 82
3 7 1 82
3 7 2 81
3 7 3 75
3 7 4 136
3 7 5 90
3 7 6 87
3 8 1 83
3 8 2 77
3 8 3 76
3 8 4 141
3 8 5 135
3 8 6 88
3 9 1 84
3 9 2 78
3 9 3 71
3 9 4 145
3 9 5 140
3 9 6 134
3 10 1 138
3 10 2 79
3 10 3 72
3 10 4 147
3 10 5 144
3 10 6 139
3 11 1 142
3 11 2 137
3 11 3 73
3 11 4 148
3 11 5 146
3 11 6 143
3 12 1 85
3 12 2 80
3 12 3 74
3 12 4 91
3 12 5 89
3 12 6 86
4 7 1 86
4 7 2 85
4 7 3 80
4 7 4 74
4 7 5 91
4 7 6 89
4 8 1 87
4 8 2 82
4 8 3 81
4 8 4 75
4 8 5 136
4 8 6 90
4 9 1 88
4 9 2 83
4 9 3 77
4 9 4 76
4 9 5 141
4 9 6 135
4 10 1 134
4 10 2 84
4 10 3 78
4 10 4 71
4 10 5 145
4 10 6 140
4 11 1 139
4 11 2 138
4 11 3 79
4 11 4 72
4 11 5 147
4 11 6 144
4 12 1 143
4 12 2 142
4 12 3 137
4 12 4 73
4 12 5 148
4 12 6 146
5 7 1 146
5 7 2 143
5 7 3 142
5 7 4 137
5 7 5 73
5 7 6 148
5 8 1 89
5 8 2 86
5 8 3 85
5 8 4 80
5 8 5 74
5 8 6 91
5 9 1 90
5 9 2 87
5 9 3 82
5 9 4 81
5 9 5 75
5 9 6 136
5 10 1 135
5 10 2 88
5 10 3 83
5 10 4 77
5 10 5 76
5 10 6 141
5 11 1 140
5 11 2 134
5 11 3 84
5 11 4 78
5 11 5 71
5 11 6 145
5 12 1 144
5 12 2 139
5 12 3 138
5 12 4 79
5 12 5 72
5 12 6 147
6 7 1 147
6 7 2 144
6 7 3 139
6 7 4 138
6 7 5 79
6 7 6 72
6 8 1 148
6 8 2 146
6 8 3 143
6 8 4 142
6 8 5 137
6 8 6 73
6 9 1 91
6 9 2 89
6 9 3 86
6 9 4 85
6 9 5 80
6 9 6 74
6 10 1 136
6 10 2 90
6 10 3 87
6 10 4 82
6 10 5 81
6 10 6 75
6 11 1 141
6 11 2 135
6 11 3 88
6 11 4 83
6 11 5 77
6 11 6 76
6 12 1 145
6 12 2 140
6 12 3 134
6 12 4 84
6 12 5 78
6 12 6 71
1 13 1 92
1 13 2 223
1 13 3 218
1 13 4 212
1 13 5 105
1 13 6 99
1 14 1 93
1 14 2 225
1 14 3 222
1 14 4 217
1 14 5 216
1 14 6 100
1 15 1 94
1 15 2 226
1 15 3 224
1 15 4 221
1 15 5 220
1 15 6 215
1 16 1 95
1 16 2 112
1 16 3 110
1 16 4 107
1 16 5 106
1 16 6 101
1 17 1 96
1 17 2 214
1 17 3 111
1 17 4 108
1 17 5 103
1 17 6 102
1 18 1 97
1 18 2 219
1 18 3 213
1 18 4 109
1 18 5 104
1 18 6 98
2 13 1 98
2 13 2 97
2 13 3 219
2 13 4 213
2 13 5 109
2 13 6 104
2 14 1 99
2 14 2 92
2 14 3 223
2 14 4 218
2 14 5 212
2 14 6 105
2 15 1 100
2 15 2 93
2 15 3 225
2 15 4 222
2 15 5 217
2 15 6 216
2 16 1 215
2 16 2 94
2 16 3 226
2 16 4 224
2 16 5 221
2 16 6 220
2 17 1 101
2 17 2 95
2 17 3 112
2 17 4 110
2 17 5 107
2 17 6 106
2 18 1 102
2 18 2 96
2 18 3 214
2 18 4 111
2 18 5 108
2 18 6 103
3 13 1 103
3 13 2 102
3 13 3 96
3 13 4 214
3 13 5 111
3 13 6 108
3 14 1 104
3 14 2 98
3 14 3 97
3 14 4 219
3 14 5 213
3 14 6 109
3 15 1 105
3 15 2 99
3 15 3 92
3 15 4 223
3 15 5 218
3 15 6 212
3 16 1 216
3 16 2 100
3 16 3 93
3 16 4 225
3 16 5 222
3 16 6 217
3 17 1 220
3 17 2 215
3 17 3 94
3 17 4 226
3 17 5 224
3 17 6 221
3 18 1 106
3 18 2 101
3 18 3 95
3 18 4 112
3 18 5 110
3 18 6 107
4 13 1 107
4 13 2 106
4 13 3 101
4 13 4 95
4 13 5 112
4 13 6 110
4 14 1 108
4 14 2 103
4 14 3 102
4 14 4 96
4 14 5 214
4 14 6 111
4 15 1 109
4 15 2 104
4 15 3 98
4 15 4 97
4 15 5 219
4 15 6 213
4 16 1 212
4 16 2 105
4 16 3 99
4 16 4 92
4 16 5 223
4 16 6 218
4 17 1 217
4 17 2 216
4 17 3 100
4 17 4 93
4 17 5 225
4 17 6 222
4 18 1 221
4 18 2 220
4 18 3 215
4 18 4 94
4 18 5 226
4 18 6 224
5 13 1 224
5 13 2 221
5 13 3 220
5 13 4 215
5 13 5 94
5 13 6 226
5 14 1 110
5 14 2 107
5 14 3 106
5 14 4 101
5 14 5 95
5 14 6 112
5 15 1 111
5 15 2 108
5 15 3 103
5 15 4 102
5 15 5 96
5 15 6 214
5 16 1 213
5 16 2 109
5 16 3 104
5 16 4 98
5 16 5 97
5 16 6 219
5 17 1 218
5 17 2 212
5 17 3 105
5 17 4 99
5 17 5 92
5 17 6 223
5 18 1 222
5 18 2 217
5 18 3 216
5 18 4 100
5 18 5 93
5 18 6 225
6 13 1 225
6 13 2 222
6 13 3 217
6 13 4 216
6 13 5 100
6 13 6 93
6 14 1 226
6 14 2 224
6 14 3 221
6 14 4 220
6 14 5 215
6 14 6 94
6 15 1 112
6 15 2 110
6 15 3 107
6 15 4 106
6 15 5 101
6 15 6 95
6 16 1 214
6 16 2 111
6 16 3 108
6 16 4 103
6 16 5 102
6 16 6 96
6 17 1 219
6 17 2 213
6 17 3 109
6 17 4 104
6 17 5 98
6 17 6 97
6 18 1 223
6 18 2 218
6 18 3 212
6 18 4 105
6 18 5 99
6 18 6 92
1 19 1 113
1 19 2 295
1 19 3 290
1 19 4 284
1 19 5 126
1 19 6 120
1 20 1 114
1 20 2 297
1 20 3 294
1 20 4 289
1 20 5 288
1 20 6 121
1 21 1 115
1 21 2 298
1 21 3 296
1 21 4 293
1 21 5 292
1 21 6 287
1 22 1 116
1 22 2 133
1 22 3 131
1 22 4 128
1 22 5 127
1 22 6 122
1 23 1 117
1 23 2 286
1 23 3 132
1 23 4 129
1 23 5 124
1 23 6 123
1 24 1 118
1 24 2 291
1 24 3 285
1 24 4 130
1 24 5 125
1 24 6 119
2 19 1 119
2 19 2 118
2 19 3 291
2 19 4 285
2 19 5 130
2 19 6 125
2 20 1 120
2 20 2 113
2 20 3 295
2 20 4 290
2 20 5 284
2 20 6 126
2 21 1 121
2 21 2 114
2 21 3 297
2 21 4 294
2 21 5 289
2 21 6 288
2 22 1 287
2 22 2 115
2 22 3 298
2 22 4 296
2 22 5 293
2 22 6 292
2 23 1 122
2 23 2 116
2 23 3 133
2 23 4 131
2 23 5 128
2 23 6 127
2 24 1 123
2 24 2 117
2 24 3 286
2 24 4 132
2 24 5 129
2 24 6 124
3 19 1 124
3 19 2 123
3 19 3 117
3 19 4 286
3 19 5 132
3 19 6 129
3 20 1 125
3 20 2 119
3 20 3 118
3 20 4 291
3 20 5 285
3 20 6 130
3 21 1 126
3 21 2 120
3 21 3 113
3 21 4 295
3 21 5 290
3 21 6 284
3 22 1 288
3 22 2 121
3 22 3 114
3 22 4 297
3 22 5 294
3 22 6 289
3 23 1 292
3 23 2 287
3 23 3 115
3 23 4 298
3 23 5 296
3 23 6 293
3 24 1 127
3 24 2 122
3 24 3 116
3 24 4 133
3 24 5 131
3 24 6 128
4 19 1 128
4 19 2 127
4 19 3 122
4 19 4 116
4 19 5 133
4 19 6 131
4 20 1 129
4 20 2 124
4 20 3 123
4 20 4 117
4 20 5 286
4 20 6 132
4 21 1 130
4 21 2 125
4 21 3 119
4 21 4 118
4 21 5 291
4 21 6 285
4 22 1 284
4 22 2 126
4 22 3 120
4 22 4 113
4 22 5 295
4 22 6 290
4 23 1 289
4 23 2 288
4 23 3 121
4 23 4 114
4 23 5 297
4 23 6 294
4 24 1 293
4 24 2 292
4 24 3 287
4 24 4 115
4 24 5 298
4 24 6 296
5 19 1 296
5 19 2 293
5 19 3 292
5 19 4 287
5 19 5 115
5 19 6 298
5 20 1 131
5 20 2 128
5 20 3 127
5 20 4 122
5 20 5 116
5 20 6 133
5 21 1 132
5 21 2 129
5 21 3 124
5 21 4 123
5 21 5 117
5 21 6 286
5 22 1 285
5 22 2 130
5 22 3 125
5 22 4 119
5 22 5 118
5 22 6 291
5 23 1 290
5 23 2 284
5 23 3 126
5 23 4 120
5 23 5 113
5 23 6 295
5 24 1 294
5 24 2 289
5 24 3 288
5 24 4 121
5 24 5 114
5 24 6 297
6 19 1 297
6 19 2 294
6 19 3 289
6 19 4 288
6 19 5 121
6 19 6 114
6 20 1 298
6 20 2 296
6 20 3 293
6 20 4 292
6 20 5 287
6 20 6 115
6 21 1 133
6 21 2 131
6 21 3 128
6 21 4 127
6 21 5 122
6 21 6 116
6 22 1 286
6 22 2 132
6 22 3 129
6 22 4 124
6 22 5 123
6 22 6 117
6 23 1 291
6 23 2 285
6 23 3 130
6 23 4 125
6 23 5 119
6 23 6 118
6 24 1 295
6 24 2 290
6 24 3 284
6 24 4 126
6 24 5 120
6 24 6 113
7 1 1 134
7 1 2 84
7 1 3 78
7 1 4 71
7 1 5 145
7 1 6 140
7 2 1 135
7 2 2 88
7 2 3 83
7 2 4 77
7 2 5 76
7 2 6 141
7 3 1 136
7 3 2 90
7 3 3 87
7 3 4 82
7 3 5 81
7 3 6 75
7 4 1 74
7 4 2 91
7 4 3 89
7 4 4 86
7 4 5 85
7 4 6 80
7 5 1 137
7 5 2 73
7 5 3 148
7 5 4 146
7 5 5 143
7 5 6 142
7 6 1 138
7 6 2 79
7 6 3 72
7 6 4 147
7 6 5 144
7 6 6 139
8 1 1 139
8 1 2 138
8 1 3 79
8 1 4 72
8 1 5 147
8 1 6 144
8 2 1 140
8 2 2 134
8 2 3 84
8 2 4 78
8 2 5 71
8 2 6 145
8 3 1 141
8 3 2 135
8 3 3 88
8 3 4 83
8 3 5 77
8 3 6 76
8 4 1 75
8 4 2 136
8 4 3 90
8 4 4 87
8 4 5 82
8 4 6 81
8 5 1 80
8 5 2 74
8 5 3 91
8 5 4 89
8 5 5 86
8 5 6 85
8 6 1 142
8 6 2 137
8 6 3 73
8 6 4 148
8 6 5 146
8 6 6 143
9 1 1 143
9 1 2 142
9 1 3 137
9 1 4 73
9 1 5 148
9 1 6 146
9 2 1 144
9 2 2 139
9 2 3 138
9 2 4 79
9 2 5 72
9 2 6 147
9 3 1 145
9 3 2 140
9 3 3 134
9 3 4 84
9 3 5 78
9 3 6 71
9 4 1 76
9 4 2 141
9 4 3 135
9 4 4 88
9 4 5 83
9 4 6 77
9 5 1 81
9 5 2 75
9 5 3 136
9 5 4 90
9 5 5 87
9 5 6 82
9 6 1 85
9 6 2 80
9 6 3 74
9 6 4 91
9 6 5 89
9 6 6 86
10 1 1 86
10 1 2 85
10 1 3 80
10 1 4 74
10 1 5 91
10 1 6 89
10 2 1 146
10 2 2 143
10 2 3 142
10 2 4 137
10 2 5 73
10 2 6 148
10 3 1 147
10 3 2 144
10 3 3 139
10 3 4 138
10 3 5 79
10 3 6 72
10 4 1 71
10 4 2 145
10 4 3 140
10 4 4 134
10 4 5 84
10 4 6 78
10 5 1 77
10 5 2 76
10 5 3 141
10 5 4 135
10 5 5 88
10 5 6 83
10 6 1 82
10 6 2 81
10 6 3 75
10 6 4 136
10 6 5 90
10 6 6 87
11 1 1 87
11 1 2 82
11 1 3 81
11 1 4 75
11 1 5 136
11 1 6 90
11 2 1 89
11 2 2 86
11 2 3 85
11 2 4 80
11 2 5 74
11 2 6 91
11 3 1 148
11 3 2 146
11 3 3 143
11 3 4 142
11 3 5 137
11 3 6 73
11 4 1 72
11 4 2 147
11 4 3 144
11 4 4 139
11 4 5 138
11 4 6 79
11 5 1 78
11 5 2 71
11 5 3 145
11 5 4 140
11 5 5 134
11 5 6 84
11 6 1 83
11 6 2 77
11 6 3 76
11 6 4 141
11 6 5 135
11 6 6 88
12 1 1 88
12 1 2 83
12 1 3 77
12 1 4 76
12 1 5 141
12 1 6 135
12 2 1 90
12 2 2 87
12 2 3 82
12 2 4 81
12 2 5 75
12 2 6 136
12 3 1 91
12 3 2 89
12 3 3 86
12 3 4 85
12 3 5 80
12 3 6 74
12 4 1 73
12 4 2 148
12 4 3 146
12 4 4 143
12 4 5 142
12 4 6 137
12 5 1 79
12 5 2 72
12 5 3 147
12 5 4 144
12 5 5 139
12 5 6 138
12 6 1 84
12 6 2 78
12 6 3 71
12 6 4 145
12 6 5 140
12 6 6 134
7 7 1 149
7 7 2 162
7 7 3 156
7 7 4 149
7 7 5 162
7 7 6 156
7 8 1 150
7 8 2 166
7 8 3 161
7 8 4 155
7 8 5 154
7 8 6 157
7 9 1 151
7 9 2 168
7 9 3 165
7 9 4 160
7 9 5 159
7 9 6 153
7 10 1 152
7 10 2 169
7 10 3 167
7 10 4 164
7 10 5 163
7 10 6 158
7 11 1 153
7 11 2 151
7 11 3 168
7 11 4 165
7 11 5 160
7 11 6 159
7 12 1 154
7 12 2 157
7 12 3 150
7 12 4 166
7 12 5 161
7 12 6 155
8 7 1 155
8 7 2 154
8 7 3 157
8 7 4 150
8 7 5 166
8 7 6 161
8 8 1 156
8 8 2 149
8 8 3 162
8 8 4 156
8 8 5 149
8 8 6 162
8 9 1 157
8 9 2 150
8 9 3 166
8 9 4 161
8 9 5 155
8 9 6 154
8 10 1 153
8 10 2 151
8 10 3 168
8 10 4 165
8 10 5 160
8 10 6 159
8 11 1 158
8 11 2 152
8 11 3 169
8 11 4 167
8 11 5 164
8 11 6 163
8 12 1 159
8 12 2 153
8 12 3 151
8 12 4 168
8 12 5 165
8 12 6 160
9 7 1 160
9 7 2 159
9 7 3 153
9 7 4 151
9 7 5 168
9 7 6 165
9 8 1 161
9 8 2 155
9 8 3 154
9 8 4 157
9 8 5 150
9 8 6 166
9 9 1 162
9 9 2 156
9 9 3 149
9 9 4 162
9 9 5 156
9 9 6 149
9 10 1 154
9 10 2 157
9 10 3 150
9 10 4 166
9 10 5 161
9 10 6 155
9 11 1 159
9 11 2 153
9 11 3 151
9 11 4 168
9 11 5 165
9 11 6 160
9 12 1 163
9 12 2 158
9 12 3 152
9 12 4 169
9 12 5 167
9 12 6 164
10 7 1 164
10 7 2 163
10 7 3 158
10 7 4 152
10 7 5 169
10 7 6 167
10 8 1 165
10 8 2 160
10 8 3 159
10 8 4 153
10 8 5 151
10 8 6 168
10 9 1 166
10 9 2 161
10 9 3 155
10 9 4 154
10 9 5 157
10 9 6 150
10 10 1 149
10 10 2 162
10 10 3 156
10 10 4 149
10 10 5 162
10 10 6 156
10 11 1 155
10 11 2 154
10 11 3 157
10 11 4 150
10 11 5 166
10 11 6 161
10 12 1 160
10 12 2 159
10 12 3 153
10 12 4 151
10 12 5 168
10 12 6 165
11 7 1 165
11 7 2 160
11 7 3 159
11 7 4 153
11 7 5 151
11 7 6 168
11 8 1 167
11 8 2 164
11 8 3 163
11 8 4 158
11 8 5 152
11 8 6 169
11 9 1 168
11 9 2 165
11 9 3 160
11 9 4 159
11 9 5 153
11 9 6 151
11 10 1 150
11 10 2 166
11 10 3 161
11 10 4 155
11 10 5 154
11 10 6 157
11 11 1 156
11 11 2 149
11 11 3 162
11 11 4 156
11 11 5 149
11 11 6 162
11 12 1 161
11 12 2 155
11 12 3 154
11 12 4 157
11 12 5 150
11 12 6 166
12 7 1 166
12 7 2 161
12 7 3 155
12 7 4 154
12 7 5 157
12 7 6 150
12 8 1 168
12 8 2 165
12 8 3 160
12 8 4 159
12 8 5 153
12 8 6 151
12 9 1 169
12 9 2 167
12 9 3 164
12 9 4 163
12 9 5 158
12 9 6 152
12 10 1 151
12 10 2 168
12 10 3 165
12 10 4 160
12 10 5 159
12 10 6 153
12 11 1 157
12 11 2 150
12 11 3 166
12 11 4 161
12 11 5 155
12 11 6 154
12 12 1 162
12 12 2 156
12 12 3 149
12 12 4 162
12 12 5 156
12 12 6 149
7 13 1 170
7 13 2 238
7 13 3 233
7 13 4 227
7 13 5 183
7 13 6 177
7 14 1 171
7 14 2 240
7 14 3 237
7 14 4 232
7 14 5 231
7 14 6 178
7 15 1 172
7 15 2 241
7 15 3 239
7 15 4 236
7 15 5 235
7 15 6 230
7 16 1 173
7 16 2 190
7 16 3 188
7 16 4 185
7 16 5 184
7 16 6 179
7 17 1 174
7 17 2 229
7 17 3 189
7 17 4 186
7 17 5 181
7 17 6 180
7 18 1 175
7 18 2 234
7 18 3 228
7 18 4 187
7 18 5 182
7 18 6 176
8 13 1 176
8 13 2 175
8 13 3 234
8 13 4 228
8 13 5 187
8 13 6 182
8 14 1 177
8 14 2 170
8 14 3 238
8 14 4 233
8 14 5 227
8 14 6 183
8 15 1 178
8 15 2 171
8 15 3 240
8 15 4 237
8 15 5 232
8 15 6 231
8 16 1 230
8 16 2 172
8 16 3 241
8 16 4 239
8 16 5 236
8 16 6 235
8 17 1 179
8 17 2 173
8 17 3 190
8 17 4 188
8 17 5 185
8 17 6 184
8 18 1 180
8 18 2 174
8 18 3 229
8 18 4 189
8 18 5 186
8 18 6 181
9 13 1 181
9 13 2 180
9 13 3 174
9 13 4 229
9 13 5 189
9 13 6 186
9 14 1 182
9 14 2 176
9 14 3 175
9 14 4 234
9 14 5 228
9 14 6 187
9 15 1 183
9 15 2 177
9 15 3 170
9 15 4 238
9 15 5 233
9 15 6 227
9 16 1 231
9 16 2 178
9 16 3 171
9 16 4 240
9 16 5 237
9 16 6 232
9 17 1 235
9 17 2 230
9 17 3 172
9 17 4 241
9 17 5 239
9 17 6 236
9 18 1 184
9 18 2 179
9 18 3 173
9 18 4 190
9 18 5 188
9 18 6 185
10 13 1 185
10 13 2 184
10 13 3 179
10 13 4 173
10 13 5 190
10 13 6 188
10 14 1 186
10 14 2 181
10 14 3 180
10 14 4 174
10 14 5 229
10 14 6 189
10 15 1 187
10 15 2 182
10 15 3 176
10 15 4 175
10 15 5 234
10 15 6 228
10 16 1 227
10 16 2 183
10 16 3 177
10 16 4 170
10 16 5 238
10 16 6 233
10 17 1 232
10 17 2 231
10 17 3 178
10 17 4 171
10 17 5 240
10 17 6 237
10 18 1 236
10 18 2 235
10 18 3 230
10 18 4 172
10 18 5 241
10 18 6 239
11 13 1 239
11 13 2 236
11 13 3 235
11 13 4 230
11 13 5 172
11 13 6 241
11 14 1 188
11 14 2 185
11 14 3 184
11 14 4 179
11 14 5 173
11 14 6 190
11 15 1 189
11 15 2 186
11 15 3 181
11 15 4 180
11 15 5 174
11 15 6 229
11 16 1 228
11 16 2 187
11 16 3 182
11 16 4 176
11 16 5 175
11 16 6 234
11 17 1 233
11 17 2 227
11 17 3 183
11 17 4 177
11 17 5 170
11 17 6 238
11 18 1 237
11 18 2 232
11 18 3 231
11 18 4 178
11 18 5 171
11 18 6 240
12 13 1 240
12 13 2 237
12 13 3 232
12 13 4 231
12 13 5 178
12 13 6 171
12 14 1 241
12 14 2 239
12 14 3 236
12 14 4 235
12 14 5 230
12 14 6 172
12 15 1 190
12 15 2 188
12 15 3 185
12 15 4 184
12 15 5 179
12 15 6 173
12 16 1 229
12 16 2 189
12 16 3 186
12 16 4 181
12 16 5 180
12 16 6 174
12 17 1 234
12 17 2 228
12 17 3 187
12 17 4 182
12 17 5 176
12 17 6 175
12 18 1 238
12 18 2 233
12 18 3 227
12 18 4 183
12 18 5 177
12 18 6 170
7 19 1 191
7 19 2 310
7 19 3 305
7 19 4 299
7 19 5 204
7 19 6 198
7 20 1 192
7 20 2 312
7 20 3 309
7 20 4 304
7 20 5 303
7 20 6 199
7 21 1 193
7 21 2 313
7 21 3 311
7 21 4 308
7 21 5 307
7 21 6 302
7 22 1 194
7 22 2 211
7 22 3 209
7 22 4 206
7 22 5 205
7 22 6 200
7 23 1 195
7 23 2 301
7 23 3 210
7 23 4 207
7 23 5 202
7 23 6 201
7 24 1 196
7 24 2 306
7 24 3 300
7 24 4 208
7 24 5 203
7 24 6 197
8 19 1 197
8 19 2 196
8 19 3 306
8 19 4 300
8 19 5 208
8 19 6 203
8 20 1 198
8 20 2 191
8 20 3 310
8 20 4 305
8 20 5 299
8 20 6 204
8 21 1 199
8 21 2 192
8 21 3 312
8 21 4 309
8 21 5 304
8 21 6 303
8 22 1 302
8 22 2 193
8 22 3 313
8 22 4 311
8 22 5 308
8 22 6 307
8 23 1 200
8 23 2 194
8 23 3 211
8 23 4 209
8 23 5 206
8 23 6 205
8 24 1 201
8 24 2 195
8 24 3 301
8 24 4 210
8 24 5 207
8 24 6 202
9 19 1 202
9 19 2 201
9 19 3 195
9 19 4 301
9 19 5 210
9 19 6 207
9 20 1 203
9 20 2 197
9 20 3 196
9 20 4 306
9 20 5 300
9 20 6 208
9 21 1 204
9 21 2 198
9 21 3 191
9 21 4 310
9 21 5 305
9 21 6 299
9 22 1 303
9 22 2 199
9 22 3 192
9 22 4 312
9 22 5 309
9 22 6 304
9 23 1 307
9 23 2 302
9 23 3 193
9 23 4 313
9 23 5 311
9 23 6 308
9 24 1 205
9 24 2 200
9 24 3 194
9 24 4 211
9 24 5 209
9 24 6 206
10 19 1 206
10 19 2 205
10 19 3 200
10 19 4 194
10 19 5 211
10 19 6 209
10 20 1 207
10 20 2 202
10 20 3 201
10 20 4 195
10 20 5 301
10 20 6 210
10 21 1 208
10 21 2 203
10 21 3 197
10 21 4 196
10 21 5 306
10 21 6 300
10 22 1 299
10 22 2 204
10 22 3 198
10 22 4 191
10 22 5 310
10 22 6 305
10 23 1 304
10 23 2 303
10 23 3 199
10 23 4 192
10 23 5 312
10 23 6 309
10 24 1 308
10 24 2 307
10 24 3 302
10 24 4 193
10 24 5 313
10 24 6 311
11 19 1 311
11 19 2 308
11 19 3 307
11 19 4 302
11 19 5 193
11 19 6 313
11 20 1 209
11 20 2 206
11 20 3 205
11 20 4 200
11 20 5 194
11 20 6 211
11 21 1 210
11 21 2 207
11 21 3 202
11 21 4 201
11 21 5 195
11 21 6 301
11 22 1 300
11 22 2 208
11 22 3 203
11 22 4 197
11 22 5 196
11 22 6 306
11 23 1 305
11 23 2 299
11 23 3 204
11 23 4 198
11 23 5 191
11 23 6 310
11 24 1 309
11 24 2 304
11 24 3 303
11 24 4 199
11 24 5 192
11 24 6 312
12 19 1 312
12 19 2 309
12 19 3 304
12 19 4 303
12 19 5 199
12 19 6 192
12 20 1 313
12 20 2 311
12 20 3 308
12 20 4 307
12 20 5 302
12 20 6 193
12 21 1 211
12 21 2 209
12 21 3 206
12 21 4 205
12 21 5 200
12 21 6 194
12 22 1 301
12 22 2 210
12 22 3 207
12 22 4 202
12 22 5 201
12 22 6 195
12 23 1 306
12 23 2 300
12 23 3 208
12 23 4 203
12 23 5 197
12 23 6 196
12 24 1 310
12 24 2 305
12 24 3 299
12 24 4 204
12 24 5 198
12 24 6 191
13 1 1 212
13 1 2 105
13 1 3 99
13 1 4 92
13 1 5 223
13 1 6 218
13 2 1 213
13 2 2 109
13 2 3 104
13 2 4 98
13 2 5 97
13 2 6 219
13 3 1 214
13 3 2 111
13 3 3 108
13 3 4 103
13 3 5 102
13 3 6 96
13 4 1 95
13 4 2 112
13 4 3 110
13 4 4 107
13 4 5 106
13 4 6 101
13 5 1 215
13 5 2 94
13 5 3 226
13 5 4 224
13 5 5 221
13 5 6 220
13 6 1 216
13 6 2 100
13 6 3 93
13 6 4 225
13 6 5 222
13 6 6 217
14 1 1 217
14 1 2 216
14 1 3 100
14 1 4 93
14 1 5 225
14 1 6 222
14 2 1 218
14 2 2 212
14 2 3 105
14 2 4 99
14 2 5 92
14 2 6 223
14 3 1 219
14 3 2 213
14 3 3 109
14 3 4 104
14 3 5 98
14 3 6 97
14 4 1 96
14 4 2 214
14 4 3 111
14 4 4 108
14 4 5 103
14 4 6 102
14 5 1 101
14 5 2 95
14 5 3 112
14 5 4 110
14 5 5 107
14 5 6 106
14 6 1 220
14 6 2 215
14 6 3 94
14 6 4 226
14 6 5 224
14 6 6 221
15 1 1 221
15 1 2 220
15 1 3 215
15 1 4 94
15 1 5 226
15 1 6 224
15 2 1 222
15 2 2 217
15 2 3 216
15 2 4 100
15 2 5 93
15 2 6 225
15 3 1 223
15 3 2 218
15 3 3 212
15 3 4 105
15 3 5 99
15 3 6 92
15 4 1 97
15 4 2 219
15 4 3 213
15 4 4 109
15 4 5 104
15 4 6 98
15 5 1 102
15 5 2 96
15 5 3 214
15 5 4 111
15 5 5 108
15 5 6 103
15 6 1 106
15 6 2 101
15 6 3 95
15 6 4 112
15 6 5 110
15 6 6 107
16 1 1 107
16 1 2 106
16 1 3 101
16 1 4 95
16 1 5 112
16 1 6 110
16 2 1 224
16 2 2 221
16 2 3 220
16 2 4 215
16 2 5 94
16 2 6 226
16 3 1 225
16 3 2 222
16 3 3 217
16 3 4 216
16 3 5 100
16 3 6 93
16 4 1 92
16 4 2 223
16 4 3 218
16 4 4 212
16 4 5 105
16 4 6 99
16 5 1 98
16 5 2 97
16 5 3 219
16 5 4 213
16 5 5 109
16 5 6 104
16 6 1 103
16 6 2 102
16 6 3 96
16 6 4 214
16 6 5 111
16 6 6 108
17 1 1 108
17 1 2 103
17 1 3 102
17 1 4 96
17 1 5 214
17 1 6 111
17 2 1 110
17 2 2 107
17 2 3 106
17 2 4 101
17 2 5 95
17 2 6 112
17 3 1 226
17 3 2 224
17 3 3 221
17 3 4 220
17 3 5 215
17 3 6 94
17 4 1 93
17 4 2 225
17 4 3 222
17 4 4 217
17 4 5 216
17 4 6 100
17 5 1 99
17 5 2 92
17 5 3 223
17 5 4 218
17 5 5 212
17 5 6 105
17 6 1 104
17 6 2 98
17 6 3 97
17 6 4 219
17 6 5 213
17 6 6 109
18 1 1 109
18 1 2 104
18 1 3 98
18 1 4 97
18 1 5 219
18 1 6 213
18 2 1 111
18 2 2 108
18 2 3 103
18 2 4 102
18 2 5 96
18 2 6 214
18 3 1 112
18 3 2 110
18 3 3 107
18 3 4 106
18 3 5 101
18 3 6 95
18 4 1 94
18 4 2 226
18 4 3 224
18 4 4 221
18 4 5 220
18 4 6 215
18 5 1 100
18 5 2 93
18 5 3 225
18 5 4 222
18 5 5 217
18 5 6 216
18 6 1 105
18 6 2 99
18 6 3 92
18 6 4 223
18 6 5 218
18 6 6 212
13 7 1 227
13 7 2 183
13 7 3 177
13 7 4 170
13 7 5 238
13 7 6 233
13 8 1 228
13 8 2 187
13 8 3 182
13 8 4 176
13 8 5 175
13 8 6 234
13 9 1 229
13 9 2 189
13 9 3 186
13 9 4 181
13 9 5 180
13 9 6 174
13 10 1 173
13 10 2 190
13 10 3 188
13 10 4 185
13 10 5 184
13 10 6 179
13 11 1 230
13 11 2 172
13 11 3 241
13 11 4 239
13 11 5 236
13 11 6 235
13 12 1 231
13 12 2 178
13 12 3 171
13 12 4 240
13 12 5 237
13 12 6 232
14 7 1 232
14 7 2 231
14 7 3 178
14 7 4 171
14 7 5 240
14 7 6 237
14 8 1 233
14 8 2 227
14 8 3 183
14 8 4 177
14 8 5 170
14 8 6 238
14 9 1 234
14 9 2 228
14 9 3 187
14 9 4 182
14 9 5 176
14 9 6 175
14 10 1 174
14 10 2 229
14 10 3 189
14 10 4 186
14 10 5 181
14 10 6 180
14 11 1 179
14 11 2 173
14 11 3 190
14 11 4 188
14 11 5 185
14 11 6 184
14 12 1 235
14 12 2 230
14 12 3 172
14 12 4 241
14 12 5 239
14 12 6 236
15 7 1 236
15 7 2 235
15 7 3 230
15 7 4 172
15 7 5 241
15 7 6 239
15 8 1 237
15 8 2 232
15 8 3 231
15 8 4 178
15 8 5 171
15 8 6 240
15 9 1 238
15 9 2 233
15 9 3 227
15 9 4 183
15 9 5 177
15 9 6 170
15 10 1 175
15 10 2 234
15 10 3 228
15 10 4 187
15 10 5 182
15 10 6 176
15 11 1 180
15 11 2 174
15 11 3 229
15 11 4 189
15 11 5 186
15 11 6 181
15 12 1 184
15 12 2 179
15 12 3 173
15 12 4 190
15 12 5 188
15 12 6 185
16 7 1 185
16 7 2 184
16 7 3 179
16 7 4 173
16 7 5 190
16 7 6 188
16 8 1 239
16 8 2 236
16 8 3 235
16 8 4 230
16 8 5 172
16 8 6 241
16 9 1 240
16 9 2 237
16 9 3 232
16 9 4 231
16 9 5 178
16 9 6 171
16 10 1 170
16 10 2 238
16 10 3 233
16 10 4 227
16 10 5 183
16 10 6 177
16 11 1 176
16 11 2 175
16 11 3 234
16 11 4 228
16 11 5 187
16 11 6 182
16 12 1 181
16 12 2 180
16 12 3 174
16 12 4 229
16 12 5 189
16 12 6 186
17 7 1 186
17 7 2 181
17 7 3 180
17 7 4 174
17 7 5 229
17 7 6 189
17 8 1 188
17 8 2 185
17 8 3 184
17 8 4 179
17 8 5 173
17 8 6 190
17 9 1 241
17 9 2 239
17 9 3 236
17 9 4 235
17 9 5 230
17 9 6 172
17 10 1 171
17 10 2 240
17 10 3 237
17 10 4 232
17 10 5 231
17 10 6 178
17 11 1 177
17 11 2 170
17 11 3 238
17 11 4 233
17 11 5 227
17 11 6 183
17 12 1 182
17 12 2 176
17 12 3 175
17 12 4 234
17 12 5 228
17 12 6 187
18 7 1 187
18 7 2 182
18 7 3 176
18 7 4 175
18 7 5 234
18 7 6 228
18 8 1 189
18 8 2 186
18 8 3 181
18 8 4 180
18 8 5 174
18 8 6 229
18 9 1 190
18 9 2 188
18 9 3 185
18 9 4 184
18 9 5 179
18 9 6 173
18 10 1 172
18 10 2 241
18 10 3 239
18 10 4 236
18 10 5 235
18 10 6 230
18 11 1 178
18 11 2 171
18 11 3 240
18 11 4 237
18 11 5 232
18 11 6 231
18 12 1 183
18 12 2 177
18 12 3 170
18 12 4 238
18 12 5 233
18 12 6 227
13 13 1 242
13 13 2 255
13 13 3 249
13 13 4 242
13 13 5 255
13 13 6 249
13 14 1 243
13 14 2 259
13 14 3 254
13 14 4 248
13 14 5 247
13 14 6 250
13 15 1 244
13 15 2 261
13 15 3 258
13 15 4 253
13 15 5 252
13 15 6 246
13 16 1 245
13 16 2 262
13 16 3 260
13 16 4 257
13 16 5 256
13 16 6 251
13 17 1 246
13 17 2 244
13 17 3 261
13 17 4 258
13 17 5 253
13 17 6 252
13 18 1 247
13 18 2 250
13 18 3 243
13 18 4 259
13 18 5 254
13 18 6 248
14 13 1 248
14 13 2 247
14 13 3 250
14 13 4 243
14 13 5 259
14 13 6 254
14 14 1 249
14 14 2 242
14 14 3 255
14 14 4 249
14 14 5 242
14 14 6 255
14 15 1 250
14 15 2 243
14 15 3 259
14 15 4 254
14 15 5 248
14 15 6 247
14 16 1 246
14 16 2 244
14 16 3 261
14 16 4 258
14 16 5 253
14 16 6 252
14 17 1 251
14 17 2 245
14 17 3 262
14 17 4 260
14 17 5 257
14 17 6 256
14 18 1 252
14 18 2 246
14 18 3 244
14 18 4 261
14 18 5 258
14 18 6 253
15 13 1 253
15 13 2 252
15 13 3 246
15 13 4 244
15 13 5 261
15 13 6 258
15 14 1 254
15 14 2 248
15 14 3 247
15 14 4 250
15 14 5 243
15 14 6 259
15 15 1 255
15 15 2 249
15 15 3 242
15 15 4 255
15 15 5 249
15 15 6 242
15 16 1 247
15 16 2 250
15 16 3 243
15 16 4 259
15 16 5 254
15 16 6 248
15 17 1 252
15 17 2 246
15 17 3 244
15 17 4 261
15 17 5 258
15 17 6 253
15 18 1 256
15 18 2 251
15 18 3 245
15 18 4 262
15 18 5 260
15 18 6 257
16 13 1 257
16 13 2 256
16 13 3 251
16 13 4 245
16 13 5 262
16 13 6 260
16 14 1 258
16 14 2 253
16 14 3 252
16 14 4 246
16 14 5 244
16 14 6 261
16 15 1 259
16 15 2 254
16 15 3 248
16 15 4 247
16 15 5 250
16 15 6 243
16 16 1 242
16 16 2 255
16 16 3 249
16 16 4 242
16 16 5 255
16 16 6 249
16 17 1 248
16 17 2 247
16 17 3 250
16 17 4 243
16 17 5 259
16 17 6 254
16 18 1 253
16 18 2 252
16 18 3 246
16 18 4 244
16 18 5 261
16 18 6 258
17 13 1 258
17 13 2 253
17 13 3 252
17 13 4 246
17 13 5 244
17 13 6 261
17 14 1 260
17 14 2 257
17 14 3 256
17 14 4 251
17 14 5 245
17 14 6 262
17 15 1 261
17 15 2 258
17 15 3 253
17 15 4 252
17 15 5 246
17 15 6 244
17 16 1 243
17 16 2 259
17 16 3 254
17 16 4 248
17 16 5 247
17 16 6 250
17 17 1 249
17 17 2 242
17 17 3 255
17 17 4 249
17 17 5 242
17 17 6 255
17 18 1 254
17 18 2 248
17 18 3 247
17 18 4 250
17 18 5 243
17 18 6 259
18 13 1 259
18 13 2 254
18 13 3 248
18 13 4 247
18 13 5 250
18 13 6 243
18 14 1 261
18 14 2 258
18 14 3 253
18 14 4 252
18 14 5 246
18 14 6 244
18 15 1 262
18 15 2 260
18 15 3 257
18 15 4 256
18 15 5 251
18 15 6 245
18 16 1 244
18 16 2 261
18 16 3 258
18 16 4 253
18 16 5 252
18 16 6 246
18 17 1 250
18 17 2 243
18 17 3 259
18 17 4 254
18 17 5 248
18 17 6 247
18 18 1 255
18 18 2 249
18 18 3 242
18 18 4 255
18 18 5 249
18 18 6 242
13 19 1 263
13 19 2 325
13 19 3 320
13 19 4 314
13 19 5 276
13 19 6 270
13 20 1 264
13 20 2 327
13 20 3 324
13 20 4 319
13 20 5 318
13 20 6 271
13 21 1 265
13 21 2 328
13 21 3 326
13 21 4 323
13 21 5 322
13 21 6 317
13 22 1 266
13 22 2 283
13 22 3 281
13 22 4 278
13 22 5 277
13 22 6 272
13 23 1 267
13 23 2 316
13 23 3 282
13 23 4 279
13 23 5 274
13 23 6 273
13 24 1 268
13 24 2 321
13 24 3 315
13 24 4 280
13 24 5 275
13 24 6 269
14 19 1 269
14 19 2 268
14 19 3 321
14 19 4 315
14 19 5 280
14 19 6 275
14 20 1 270
14 20 2 263
14 20 3 325
14 20 4 320
14 20 5 314
14 20 6 276
14 21 1 271
14 21 2 264
14 21 3 327
14 21 4 324
14 21 5 319
14 21 6 318
14 22 1 317
14 22 2 265
14 22 3 328
14 22 4 326
14 22 5 323
14 22 6 322
14 23 1 272
14 23 2 266
14 23 3 283
14 23 4 281
14 23 5 278
14 23 6 277
14 24 1 273
14 24 2 267
14 24 3 316
14 24 4 282
14 24 5 279
14 24 6 274
15 19 1 274
15 19 2 273
15 19 3 267
15 19 4 316
15 19 5 282
15 19 6 279
15 20 1 275
15 20 2 269
15 20 3 268
15 20 4 321
15 20 5 315
15 20 6 280
15 21 1 276
15 21 2 270
15 21 3 263
15 21 4 325
15 21 5 320
15 21 6 314
15 22 1 318
15 22 2 271
15 22 3 264
15 22 4 327
15 22 5 324
15 22 6 319
15 23 1 322
15 23 2 317
15 23 3 265
15 23 4 328
15 23 5 326
15 23 6 323
15 24 1 277
15 24 2 272
15 24 3 266
15 24 4 283
15 24 5 281
15 24 6 278
16 19 1 278
16 19 2 277
16 19 3 272
16 19 4 266
16 19 5 283
16 19 6 281
16 20 1 279
16 20 2 274
16 20 3 273
16 20 4 267
16 20 5 316
16 20 6 282
16 21 1 280
16 21 2 275
16 21 3 269
16 21 4 268
16 21 5 321
16 21 6 315
16 22 1 314
16 22 2 276
16 22 3 270
16 22 4 263
16 22 5 325
16 22 6 320
16 23 1 319
16 23 2 318
16 23 3 271
16 23 4 264
16 23 5 327
16 23 6 324
16 24 1 323
16 24 2 322
16 24 3 317
16 24 4 265
16 24 5 328
16 24 6 326
17 19 1 326
17 19 2 323
17 19 3 322
17 19 4 317
17 19 5 265
17 19 6 328
17 20 1 281
17 20 2 278
17 20 3 277
17 20 4 272
17 20 5 266
17 20 6 283
17 21 1 282
17 21 2 279
17 21 3 274
17 21 4 273
17 21 5 267
17 21 6 316
17 22 1 315
17 22 2 280
17 22 3 275
17 22 4 269
17 22 5 268
17 22 6 321
17 23 1 320
17 23 2 314
17 23 3 276
17 23 4 270
17 23 5 263
17 23 6 325
17 24 1 324
17 24 2 319
17 24 3 318
17 24 4 271
17 24 5 264
17 24 6 327
18 19 1 327
18 19 2 324
18 19 3 319
18 19 4 318
18 19 5 271
18 19 6 264
18 20 1 328
18 20 2 326
18 20 3 323
18 20 4 322
18 20 5 317
18 20 6 265
18 21 1 283
18 21 2 281
18 21 3 278
18 21 4 277
18 21 5 272
18 21 6 266
18 22 1 316
18 22 2 282
18 22 3 279
18 22 4 274
18 22 5 273
18 22 6 267
18 23 1 321
18 23 2 315
18 23 3 280
18 23 4 275
18 23 5 269
18 23 6 268
18 24 1 325
18 24 2 320
18 24 3 314
18 24 4 276
18 24 5 270
18 24 6 263
19 1 1 284
19 1 2 126
19 1 3 120
19 1 4 113
19 1 5 295
19 1 6 290
19 2 1 285
19 2 2 130
19 2 3 125
19 2 4 119
19 2 5 118
19 2 6 291
19 3 1 286
19 3 2 132
19 3 3 129
19 3 4 124
19 3 5 123
19 3 6 117
19 4 1 116
19 4 2 133
19 4 3 131
19 4 4 128
19 4 5 127
19 4 6 122
19 5 1 287
19 5 2 115
19 5 3 298
19 5 4 296
19 5 5 293
19 5 6 292
19 6 1 288
19 6 2 121
19 6 3 114
19 6 4 297
19 6 5 294
19 6 6 289
20 1 1 289
20 1 2 288
20 1 3 121
20 1 4 114
20 1 5 297
20 1 6 294
20 2 1 290
20 2 2 284
20 2 3 126
20 2 4 120
20 2 5 113
20 2 6 295
20 3 1 291
20 3 2 285
20 3 3 130
20 3 4 125
20 3 5 119
20 3 6 118
20 4 1 117
20 4 2 286
20 4 3 132
20 4 4 129
20 4 5 124
20 4 6 123
20 5 1 122
20 5 2 116
20 5 3 133
20 5 4 131
20 5 5 128
20 5 6 127
20 6 1 292
20 6 2 287
20 6 3 115
20 6 4 298
20 6 5 296
20 6 6 293
21 1 1 293
21 1 2 292
21 1 3 287
21 1 4 115
21 1 5 298
21 1 6 296
21 2 1 294
21 2 2 289
21 2 3 288
21 2 4 121
21 2 5 114
21 2 6 297
21 3 1 295
21 3 2 290
21 3 3 284
21 3 4 126
21 3 5 120
21 3 6 113
21 4 1 118
21 4 2 291
21 4 3 285
21 4 4 130
21 4 5 125
21 4 6 119
21 5 1 123
21 5 2 117
21 5 3 286
21 5 4 132
21 5 5 129
21 5 6 124
21 6 1 127
21 6 2 122
21 6 3 116
21 6 4 133
21 6 5 131
21 6 6 128
22 1 1 128
22 1 2 127
22 1 3 122
22 1 4 116
22 1 5 133
22 1 6 131
22 2 1 296
22 2 2 293
22 2 3 292
22 2 4 287
22 2 5 115
22 2 6 298
22 3 1 297
22 3 2 294
22 3 3 289
22 3 4 288
22 3 5 121
22 3 6 114
22 4 1 113
22 4 2 295
22 4 3 290
22 4 4 284
22 4 5 126
22 4 6 120
22 5 1 119
22 5 2 118
22 5 3 291
22 5 4 285
22 5 5 130
22 5 6 125
22 6 1 124
22 6 2 123
22 6 3 117
22 6 4 286
22 6 5 132
22 6 6 129
23 1 1 129
23 1 2 124
23 1 3 123
23 1 4 117
23 1 5 286
23 1 6 132
23 2 1 131
23 2 2 128
23 2 3 127
23 2 4 122
23 2 5 116
23 2 6 133
23 3 1 298
23 3 2 296
23 3 3 293
23 3 4 292
23 3 5 287
23 3 6 115
23 4 1 114
23 4 2 297
23 4 3 294
23 4 4 289
23 4 5 288
23 4 6 121
23 5 1 120
23 5 2 113
23 5 3 295
23 5 4 290
23 5 5 284
23 5 6 126
23 6 1 125
23 6 2 119
23 6 3 118
23 6 4 291
23 6 5 285
23 6 6 130
24 1 1 130
24 1 2 125
24 1 3 119
24 1 4 118
24 1 5 291
24 1 6 285
24 2 1 132
24 2 2 129
24 2 3 124
24 2 4 123
24 2 5 117
24 2 6 286
24 3 1 133
24 3 2 131
24 3 3 128
24 3 4 127
24 3 5 122
24 3 6 116
24 4 1 115
24 4 2 298
24 4 3 296
24 4 4 293
24 4 5 292
24 4 6 287
24 5 1 121
24 5 2 114
24 5 3 297
24 5 4 294
24 5 5 289
24 5 6 288
24 6 1 126
24 6 2 120
24 6 3 113
24 6 4 295
24 6 5 290
24 6 6 284
19 7 1 299
19 7 2 204
19 7 3 198
19 7 4 191
19 7 5 310
19 7 6 305
19 8 1 300
19 8 2 208
19 8 3 203
19 8 4 197
19 8 5 196
19 8 6 306
19 9 1 301
19 9 2 210
19 9 3 207
19 9 4 202
19 9 5 201
19 9 6 195
19 10 1 194
19 10 2 211
19 10 3 209
19 10 4 206
19 10 5 205
19 10 6 200
19 11 1 302
19 11 2 193
19 11 3 313
19 11 4 311
19 11 5 308
19 11 6 307
19 12 1 303
19 12 2 199
19 12 3 192
19 12 4 312
19 12 5 309
19 12 6 304
20 7 1 304
20 7 2 303
20 7 3 199
20 7 4 192
20 7 5 312
20 7 6 309
20 8 1 305
20 8 2 299
20 8 3 204
20 8 4 198
20 8 5 191
20 8 6 310
20 9 1 306
20 9 2 300
20 9 3 208
20 9 4 203
20 9 5 197
20 9 6 196
20 10 1 195
20 10 2 301
20 10 3 210
20 10 4 207
20 10 5 202
20 10 6 201
20 11 1 200
20 11 2 194
20 11 3 211
20 11 4 209
20 11 5 206
20 11 6 205
20 12 1 307
20 12 2 302
20 12 3 193
20 12 4 313
20 12 5 311
20 12 6 308
21 7 1 308
21 7 2 307
21 7 3 302
21 7 4 193
21 7 5 313
21 7 6 311
21 8 1 309
21 8 2 304
21 8 3 303
21 8 4 199
21 8 5 192
21 8 6 312
21 9 1 310
21 9 2 305
21 9 3 299
21 9 4 204
21 9 5 198
21 9 6 191
21 10 1 196
21 10 2 306
21 10 3 300
21 10 4 208
21 10 5 203
21 10 6 197
21 11 1 201
21 11 2 195
21 11 3 301
21 11 4 210
21 11 5 207
21 11 6 202
21 12 1 205
21 12 2 200
21 12 3 194
21 12 4 211
21 12 5 209
21 12 6 206
22 7 1 206
22 7 2 205
22 7 3 200
22 7 4 194
22 7 5 211
22 7 6 209
22 8 1 311
22 8 2 308
22 8 3 307
22 8 4 302
22 8 5 193
22 8 6 313
22 9 1 312
22 9 2 309
22 9 3 304
22 9 4 303
22 9 5 199
22 9 6 192
22 10 1 191
22 10 2 310
22 10 3 305
22 10 4 299
22 10 5 204
22 10 6 198
22 11 1 197
22 11 2 196
22 11 3 306
22 11 4 300
22 11 5 208
22 11 6 203
22 12 1 202
22 12 2 201
22 12 3 195
22 12 4 301
22 12 5 210
22 12 6 207
23 7 1 207
23 7 2 202
23 7 3 201
23 7 4 195
23 7 5 301
23 7 6 210
23 8 1 209
23 8 2 206
23 8 3 205
23 8 4 200
23 8 5 194
23 8 6 211
23 9 1 313
23 9 2 311
23 9 3 308
23 9 4 307
23 9 5 302
23 9 6 193
23 10 1 192
23 10 2 312
23 10 3 309
23 10 4 304
23 10 5 303
23 10 6 199
23 11 1 198
23 11 2 191
23 11 3 310
23 11 4 305
23 11 5 299
23 11 6 204
23 12 1 203
23 12 2 197
23 12 3 196
23 12 4 306
23 12 5 300
23 12 6 208
24 7 1 208
24 7 2 203
24 7 3 197
24 7 4 196
24 7 5 306
24 7 6 300
24 8 1 210
24 8 2 207
24 8 3 202
24 8 4 201
24 8 5 195
24 8 6 301
24 9 1 211
24 9 2 209
24 9 3 206
24 9 4 205
24 9 5 200
24 9 6 194
24 10 1 193
24 10 2 313
24 10 3 311
24 10 4 308
24 10 5 307
24 10 6 302
24 11 1 199
24 11 2 192
24 11 3 312
24 11 4 309
24 11 5 304
24 11 6 303
24 12 1 204
24 12 2 198
24 12 3 191
24 12 4 310
24 12 5 305
24 12 6 299
19 13 1 314
19 13 2 276
19 13 3 270
19 13 4 263
19 13 5 325
19 13 6 320
19 14 1 315
19 14 2 280
19 14 3 275
19 14 4 269
19 14 5 268
19 14 6 321
19 15 1 316
19 15 2 282
19 15 3 279
19 15 4 274
19 15 5 273
19 15 6 267
19 16 1 266
19 16 2 283
19 16 3 281
19 16 4 278
19 16 5 277
19 16 6 272
19 17 1 317
19 17 2 265
19 17 3 328
19 17 4 326
19 17 5 323
19 17 6 322
19 18 1 318
19 18 2 271
19 18 3 264
19 18 4 327
19 18 5 324
19 18 6 319
20 13 1 319
20 13 2 318
20 13 3 271
20 13 4 264
20 13 5 327
20 13 6 324
20 14 1 320
20 14 2 314
20 14 3 276
20 14 4 270
20 14 5 263
20 14 6 325
20 15 1 321
20 15 2 315
20 15 3 280
20 15 4 275
20 15 5 269
20 15 6 268
20 16 1 267
20 16 2 316
20 16 3 282
20 16 4 279
20 16 5 274
20 16 6 273
20 17 1 272
20 17 2 266
20 17 3 283
20 17 4 281
20 17 5 278
20 17 6 277
20 18 1 322
20 18 2 317
20 18 3 265
20 18 4 328
20 18 5 326
20 18 6 323
21 13 1 323
21 13 2 322
21 13 3 317
21 13 4 265
21 13 5 328
21 13 6 326
21 14 1 324
21 14 2 319
21 14 3 318
21 14 4 271
21 14 5 264
21 14 6 327
21 15 1 325
21 15 2 320
21 15 3 314
21 15 4 276
21 15 5 270
21 15 6 263
21 16 1 268
21 16 2 321
21 16 3 315
21 16 4 280
21 16 5 275
21 16 6 269
21 17 1 273
21 17 2 267
21 17 3 316
21 17 4 282
21 17 5 279
21 17 6 274
21 18 1 277
21 18 2 272
21 18 3 266
21 18 4 283
21 18 5 281
21 18 6 278
22 13 1 278
22 13 2 277
22 13 3 272
22 13 4 266
22 13 5 283
22 13 6 281
22 14 1 326
22 14 2 323
22 14 3 322
22 14 4 317
22 14 5 265
22 14 6 328
22 15 1 327
22 15 2 324
22 15 3 319
22 15 4 318
22 15 5 271
22 15 6 264
22 16 1 263
22 16 2 325
22 16 3 320
22 16 4 314
22 16 5 276
22 16 6 270
22 17 1 269
22 17 2 268
22 17 3 321
22 17 4 315
22 17 5 280
22 17 6 275
22 18 1 274
22 18 2 273
22 18 3 267
22 18 4 316
22 18 5 282
22 18 6 279
23 13 1 279
23 13 2 274
23 13 3 273
23 13 4 267
23 13 5 316
23 13 6 282
23 14 1 281
23 14 2 278
23 14 3 277
23 14 4 272
23 14 5 266
23 14 6 283
23 15 1 328
23 15 2 326
23 15 3 323
23 15 4 322
23 15 5 317
23 15 6 265
23 16 1 264
23 16 2 327
23 16 3 324
23 16 4 319
23 16 5 318
23 16 6 271
23 17 1 270
23 17 2 263
23 17 3 325
23 17 4 320
23 17 5 314
23 17 6 276
23 18 1 275
23 18 2 269
23 18 3 268
23 18 4 321
23 18 5 315
23 18 6 280
24 13 1 280
24 13 2 275
24 13 3 269
24 13 4 268
24 13 5 321
24 13 6 315
24 14 1 282
24 14 2 279
24 14 3 274
24 14 4 273
24 14 5 267
24 14 6 316
24 15 1 283
24 15 2 281
24 15 3 278
24 15 4 277
24 15 5 272
24 15 6 266
24 16 1 265
24 16 2 328
24 16 3 326
24 16 4 323
24 16 5 322
24 16 6 317
24 17 1 271
24 17 2 264
24 17 3 327
24 17 4 324
24 17 5 319
24 17 6 318
24 18 1 276
24 18 2 270
24 18 3 263
24 18 4 325
24 18 5 320
24 18 6 314
19 19 1 329
19 19 2 342
19 19 3 336
19 19 4 329
19 19 5 342
19 19 6 336
19 20 1 330
19 20 2 346
19 20 3 341
19 20 4 335
19 20 5 334
19 20 6 337
19 21 1 331
19 21 2 348
19 21 3 345
19 21 4 340
19 21 5 339
19 21 6 333
19 22 1 332
19 22 2 349
19 22 3 347
19 22 4 344
19 22 5 343
19 22 6 338
19 23 1 333
19 23 2 331
19 23 3 348
19 23 4 345
19 23 5 340
19 23 6 339
19 24 1 334
19 24 2 337
19 24 3 330
19 24 4 346
19 24 5 341
19 24 6 335
20 19 1 335
20 19 2 334
20 19 3 337
20 19 4 330
20 19 5 346
20 19 6 341
20 20 1 336
20 20 2 329
20 20 3 342
20 20 4 336
20 20 5 329
20 20 6 342
20 21 1 337
20 21 2 330
20 21 3 346
20 21 4 341
20 21 5 335
20 21 6 334
20 22 1 333
20 22 2 331
20 22 3 348
20 22 4 345
20 22 5 340
20 22 6 339
20 23 1 338
20 23 2 332
20 23 3 349
20 23 4 347
20 23 5 344
20 23 6 343
20 24 1 339
20 24 2 333
20 24 3 331
20 24 4 348
20 24 5 345
20 24 6 340
21 19 1 340
21 19 2 339
21 19 3 333
21 19 4 331
21 19 5 348
21 19 6 345
21 20 1 341
21 20 2 335
21 20 3 334
21 20 4 337
21 20 5 330
21 20 6 346
21 21 1 342
21 21 2 336
21 21 3 329
21 21 4 342
21 21 5 336
21 21 6 329
21 22 1 334
21 22 2 337
21 22 3 330
21 22 4 346
21 22 5 341
21 22 6 335
21 23 1 339
21 23 2 333
21 23 3 331
21 23 4 348
21 23 5 345
21 23 6 340
21 24 1 343
21 24 2 338
21 24 3 332
21 24 4 349
21 24 5 347
21 24 6 344
22 19 1 344
22 19 2 343
22 19 3 338
22 19 4 332
22 19 5 349
22 19 6 347
22 20 1 345
22 20 2 340
22 20 3 339
22 20 4 333
22 20 5 331
22 20 6 348
22 21 1 346
22 21 2 341
22 21 3 335
22 21 4 334
22 21 5 337
22 21 6 330
22 22 1 329
22 22 2 342
22 22 3 336
22 22 4 329
22 22 5 342
22 22 6 336
22 23 1 335
22 23 2 334
22 23 3 337
22 23 4 330
22 23 5 346
22 23 6 341
22 24 1 340
22 24 2 339
22 24 3 333
22 24 4 331
22 24 5 348
22 24 6 345
23 19 1 345
23 19 2 340
23 19 3 339
23 19 4 333
23 19 5 331
23 19 6 348
23 20 1 347
23 20 2 344
23 20 3 343
23 20 4 338
23 20 5 332
23 20 6 349
23 21 1 348
23 21 2 345
23 21 3 340
23 21 4 339
23 21 5 333
23 21 6 331
23 22 1 330
23 22 2 346
23 22 3 341
23 22 4 335
23 22 5 334
23 22 6 337
23 23 1 336
23 23 2 329
23 23 3 342
23 23 4 336
23 23 5 329
23 23 6 342
23 24 1 341
23 24 2 335
23 24 3 334
23 24 4 337
23 24 5 330
23 24 6 346
24 19 1 346
24 19 2 341
24 19 3 335
24 19 4 334
24 19 5 337
24 19 6 330
24 20 1 348
24 20 2 345
24 20 3 340
24 20 4 339
24 20 5 333
24 20 6 331
24 21 1 349
24 21 2 347
24 21 3 344
24 21 4 343
24 21 5 338
24 21 6 332
24 22 1 331
24 22 2 348
24 22 3 345
24 22 4 340
24 22 5 339
24 22 6 333
24 23 1 337
24 23 2 330
24 23 3 346
24 23 4 341
24 23 5 335
24 23 6 334
24 24 1 342
24 24 2 336
24 24 3 329
24 24 4 342
24 24 5 336
24 24 6 329
#END