0 0 0 0
1 1 0 1
2 2 0 2
3 3 0 3
4 4 0 4
5 5 0 5
6 6 0 6
7 7 0 7
8 8 0 8
9 9 0 9
10 10 0 10
11 11 0 11
12 12 0 12
13 13 0 13
14 14 0 14
15 15 0 15
16 16 0 16
17 17 0 17
18 18 0 18
19 19 0 19
20 20 0 20
21 21 0 21
22 22 0 22
23 23 0 23
24 24 0 24
25 25 0 25
26 26 0 26
27 27 0 27
28 28 0 28
29 29 0 29
30 30 0 30
31 31 0 31
32 32 0 32
33 33 0 33
34 34 0 34
35 35 0 35
36 36 0 36
0 0 1 37
0 0 2 37
0 0 3 37
0 0 4 37
0 0 5 37
0 0 6 37
1 0 1 38
2 0 1 39
3 0 1 40
4 0 1 41
5 0 1 42
6 0 1 43
1 0 2 43
2 0 2 38
3 0 2 39
4 0 2 40
5 0 2 41
6 0 2 42
1 0 3 42
2 0 3 43
3 0 3 38
4 0 3 39
5 0 3 40
6 0 3 41
1 0 4 41
2 0 4 42
3 0 4 43
4 0 4 38
5 0 4 39
6 0 4 40
1 0 5 40
2 0 5 41
3 0 5 42
4 0 5 43
5 0 5 38
6 0 5 39
1 0 6 39
2 0 6 40
3 0 6 41
4 0 6 42
5 0 6 43
6 0 6 38
0 1 1 41
0 2 1 42
0 3 1 43
0 4 1 38
0 5 1 39
0 6 1 40
0 1 2 40
0 2 2 41
0 3 2 42
0 4 2 43
0 5 2 38
0 6 2 39
0 1 3 39
0 2 3 40
0 3 3 41
0 4 3 42
0 5 3 43
0 6 3 38
0 1 4 38
0 2 4 39
0 3 4 40
0 4 4 41
0 5 4 42
0 6 4 43
0 1 5 43
0 2 5 38
0 3 5 39
0 4 5 40
0 5 5 41
0 6 5 42
0 1 6 42
0 2 6 43
0 3 6 38
0 4 6 39
0 5 6 40
0 6 6 41
7 0 1 44
8 0 1 45
9 0 1 46
10 0 1 47
11 0 1 48
12 0 1 49
7 0 2 49
8 0 2 44
9 0 2 45
10 0 2 46
11 0 2 47
12 0 2 48
7 0 3 48
8 0 3 49
9 0 3 44
10 0 3 45
11 0 3 46
12 0 3 47
7 0 4 47
8 0 4 48
9 0 4 49
10 0 4 44
11 0 4 45
12 0 4 46
7 0 5 46
8 0 5 47
9 0 5 48
10 0 5 49
11 0 5 44
12 0 5 45
7 0 6 45
8 0 6 46
9 0 6 47
10 0 6 48
11 0 6 49
12 0 6 44
0 7 1 47
0 8 1 48
0 9 1 49
0 10 1 44
0 11 1 45
0 12 1 46
0 7 2 46
0 8 2 47
0 9 2 48
0 10 2 49
0 11 2 44
0 12 2 45
0 7 3 45
0 8 3 46
0 9 3 47
0 10 3 48
0 11 3 49
0 12 3 44
0 7 4 44
0 8 4 45
0 9 4 46
0 10 4 47
0 11 4 48
0 12 4 49
0 7 5 49
0 8 5 44
0 9 5 45
0 10 5 46
0 11 5 47
0 12 5 48
0 7 6 48
0 8 6 49
0 9 6 44
0 10 6 45
0 11 6 46
0 12 6 47
13 0 1 50
14 0 1 51
15 0 1 52
16 0 1 53
17 0 1 54
18 0 1 55
13 0 2 55
14 0 2 50
15 0 2 51
16 0 2 52
17 0 2 53
18 0 2 54
13 0 3 54
14 0 3 55
15 0 3 50
16 0 3 51
17 0 3 52
18 0 3 53
13 0 4 53
14 0 4 54
15 0 4 55
16 0 4 50
17 0 4 51
18 0 4 52
13 0 5 52
14 0 5 53
15 0 5 54
16 0 5 55
17 0 5 50
18 0 5 51
13 0 6 51
14 0 6 52
15 0 6 53
16 0 6 54
17 0 6 55
18 0 6 50
0 13 1 53
0 14 1 54
0 15 1 55
0 16 1 50
0 17 1 51
0 18 1 52
0 13 2 52
0 14 2 53
0 15 2 54
0 16 2 55
0 17 2 50
0 18 2 51
0 13 3 51
0 14 3 52
0 15 3 53
0 16 3 54
0 17 3 55
0 18 3 50
0 13 4 50
0 14 4 51
0 15 4 52
0 16 4 53
0 17 4 54
0 18 4 55
0 13 5 55
0 14 5 50
0 15 5 51
0 16 5 52
0 17 5 53
0 18 5 54
0 13 6 54
0 14 6 55
0 15 6 50
0 16 6 51
0 17 6 52
0 18 6 53
19 0 1 56
20 0 1 57
21 0 1 58
22 0 1 59
23 0 1 60
24 0 1 61
19 0 2 61
20 0 2 56
21 0 2 57
22 0 2 58
23 0 2 59
24 0 2 60
19 0 3 60
20 0 3 61
21 0 3 56
22 0 3 57
23 0 3 58
24 0 3 59
19 0 4 59
20 0 4 60
21 0 4 61
22 0 4 56
23 0 4 57
24 0 4 58
19 0 5 58
20 0 5 59
21 0 5 60
22 0 5 61
23 0 5 56
24 0 5 57
19 0 6 57
20 0 6 58
21 0 6 59
22 0 6 60
23 0 6 61
24 0 6 56
0 19 1 59
0 20 1 60
0 21 1 61
0 22 1 56
0 23 1 57
0 24 1 58
0 19 2 58
0 20 2 59
0 21 2 60
0 22 2 61
0 23 2 56
0 24 2 57
0 19 3 57
0 20 3 58
0 21 3 59
0 22 3 60
0 23 3 61
0 24 3 56
0 19 4 56
0 20 4 57
0 21 4 58
0 22 4 59
0 23 4 60
0 24 4 61
0 19 5 61
0 20 5 56
0 21 5 57
0 22 5 58
0 23 5 59
0 24 5 60
0 19 6 60
0 20 6 61
0 21 6 56
0 22 6 57
0 23 6 58
0 24 6 59
25 0 1 62
26 0 1 63
27 0 1 64
28 0 1 65
29 0 1 66
30 0 1 67
25 0 2 67
26 0 2 62
27 0 2 63
28 0 2 64
29 0 2 65
30 0 2 66
25 0 3 66
26 0 3 67
27 0 3 62
28 0 3 63
29 0 3 64
30 0 3 65
25 0 4 65
26 0 4 66
27 0 4 67
28 0 4 62
29 0 4 63
30 0 4 64
25 0 5 64
26 0 5 65
27 0 5 66
28 0 5 67
29 0 5 62
30 0 5 63
25 0 6 63
26 0 6 64
27 0 6 65
28 0 6 66
29 0 6 67
30 0 6 62
0 25 1 65
0 26 1 66
0 27 1 67
0 28 1 62
0 29 1 63
0 30 1 64
0 25 2 64
0 26 2 65
0 27 2 66
0 28 2 67
0 29 2 62
0 30 2 63
0 25 3 63
0 26 3 64
0 27 3 65
0 28 3 66
0 29 3 67
0 30 3 62
0 25 4 62
0 26 4 63
0 27 4 64
0 28 4 65
0 29 4 66
0 30 4 67
0 25 5 67
0 26 5 62
0 27 5 63
0 28 5 64
0 29 5 65
0 30 5 66
0 25 6 66
0 26 6 67
0 27 6 62
0 28 6 63
0 29 6 64
0 30 6 65
31 0 1 68
32 0 1 69
33 0 1 70
34 0 1 71
35 0 1 72
36 0 1 73
31 0 2 73
32 0 2 68
33 0 2 69
34 0 2 70
35 0 2 71
36 0 2 72
31 0 3 72
32 0 3 73
33 0 3 68
34 0 3 69
35 0 3 70
36 0 3 71
31 0 4 71
32 0 4 72
33 0 4 73
34 0 4 68
35 0 4 69
36 0 4 70
31 0 5 70
32 0 5 71
33 0 5 72
34 0 5 73
35 0 5 68
36 0 5 69
31 0 6 69
32 0 6 70
33 0 6 71
34 0 6 72
35 0 6 73
36 0 6 68
0 31 1 71
0 32 1 72
0 33 1 73
0 34 1 68
0 35 1 69
0 36 1 70
0 31 2 70
0 32 2 71
0 33 2 72
0 34 2 73
0 35 2 68
0 36 2 69
0 31 3 69
0 32 3 70
0 33 3 71
0 34 3 72
0 35 3 73
0 36 3 68
0 31 4 68
0 32 4 69
0 33 4 70
0 34 4 71
0 35 4 72
0 36 4 73
0 31 5 73
0 32 5 68
0 33 5 69
0 34 5 70
0 35 5 71
0 36 5 72
0 31 6 72
0 32 6 73
0 33 6 68
0 34 6 69
0 35 6 70
0 36 6 71
1 1 1 74
1 1 2 87
1 1 3 81
1 1 4 74
1 1 5 87
1 1 6 81
1 2 1 75
1 2 2 91
1 2 3 86
1 2 4 80
1 2 5 79
1 2 6 82
1 3 1 76
1 3 2 93
1 3 3 90
1 3 4 85
1 3 5 84
1 3 6 78
1 4 1 77
1 4 2 94
1 4 3 92
1 4 4 89
1 4 5 88
1 4 6 83
1 5 1 78
1 5 2 76
1 5 3 93
1 5 4 90
1 5 5 85
1 5 6 84
1 6 1 79
1 6 2 82
1 6 3 75
1 6 4 91
1 6 5 86
1 6 6 80
2 1 1 80
2 1 2 79
2 1 3 82
2 1 4 75
2 1 5 91
2 1 6 86
2 2 1 81
2 2 2 74
2 2 3 87
2 2 4 81
2 2 5 74
2 2 6 87
2 3 1 82
2 3 2 75
2 3 3 91
2 3 4 86
2 3 5 80
2 3 6 79
2 4 1 78
2 4 2 76
2 4 3 93
2 4 4 90
2 4 5 85
2 4 6 84
2 5 1 83
2 5 2 77
2 5 3 94
2 5 4 92
2 5 5 89
2 5 6 88
2 6 1 84
2 6 2 78
2 6 3 76
2 6 4 93
2 6 5 90
2 6 6 85
3 1 1 85
3 1 2 84
3 1 3 78
3 1 4 76
3 1 5 93
3 1 6 90
3 2 1 86
3 2 2 80
3 2 3 79
3 2 4 82
3 2 5 75
3 2 6 91
3 3 1 87
3 3 2 81
3 3 3 74
3 3 4 87
3 3 5 81
3 3 6 74
3 4 1 79
3 4 2 82
3 4 3 75
3 4 4 91
3 4 5 86
3 4 6 80
3 5 1 84
3 5 2 78
3 5 3 76
3 5 4 93
3 5 5 90
3 5 6 85
3 6 1 88
3 6 2 83
3 6 3 77
3 6 4 94
3 6 5 92
3 6 6 89
4 1 1 89
4 1 2 88
4 1 3 83
4 1 4 77
4 1 5 94
4 1 6 92
4 2 1 90
4 2 2 85
4 2 3 84
4 2 4 78
4 2 5 76
4 2 6 93
4 3 1 91
4 3 2 86
4 3 3 80
4 3 4 79
4 3 5 82
4 3 6 75
4 4 1 74
4 4 2 87
4 4 3 81
4 4 4 74
4 4 5 87
4 4 6 81
4 5 1 80
4 5 2 79
4 5 3 82
4 5 4 75
4 5 5 91
4 5 6 86
4 6 1 85
4 6 2 84
4 6 3 78
4 6 4 76
4 6 5 93
4 6 6 90
5 1 1 90
5 1 2 85
5 1 3 84
5 1 4 78
5 1 5 76
5 1 6 93
5 2 1 92
5 2 2 89
5 2 3 88
5 2 4 83
5 2 5 77
5 2 6 94
5 3 1 93
5 3 2 90
5 3 3 85
5 3 4 84
5 3 5 78
5 3 6 76
5 4 1 75
5 4 2 91
5 4 3 86
5 4 4 80
5 4 5 79
5 4 6 82
5 5 1 81
5 5 2 74
5 5 3 87
5 5 4 81
5 5 5 74
5 5 6 87
5 6 1 86
5 6 2 80
5 6 3 79
5 6 4 82
5 6 5 75
5 6 6 91
6 1 1 91
6 1 2 86
6 1 3 80
6 1 4 79
6 1 5 82
6 1 6 75
6 2 1 93
6 2 2 90
6 2 3 85
6 2 4 84
6 2 5 78
6 2 6 76
6 3 1 94
6 3 2 92
6 3 3 89
6 3 4 88
6 3 5 83
6 3 6 77
6 4 1 76
6 4 2 93
6 4 3 90
6 4 4 85
6 4 5 84
6 4 6 78
6 5 1 82
6 5 2 75
6 5 3 91
6 5 4 86
6 5 5 80
6 5 6 79
6 6 1 87
6 6 2 81
6 6 3 74
6 6 4 87
6 6 5 81
6 6 6 74
1 7 1 95
1 7 2 211
1 7 3 206
1 7 4 200
1 7 5 108
1 7 6 102
1 8 1 96
1 8 2 213
1 8 3 210
1 8 4 205
1 8 5 204
1 8 6 103
1 9 1 97
1 9 2 214
1 9 3 212
1 9 4 209
1 9 5 208
1 9 6 203
1 10 1 98
1 10 2 115
1 10 3 113
1 10 4 110
1 10 5 109
1 10 6 104
1 11 1 99
1 11 2 202
1 11 3 114
1 11 4 111
1 11 5 106
1 11 6 105
1 12 1 100
1 12 2 207
1 12 3 201
1 12 4 112
1 12 5 107
1 12 6 101
2 7 1 101
2 7 2 100
2 7 3 207
2 7 4 201
2 7 5 112
2 7 6 107
2 8 1 102
2 8 2 95
2 8 3 211
2 8 4 206
2 8 5 200
2 8 6 108
2 9 1 103
2 9 2 96
2 9 3 213
2 9 4 210
2 9 5 205
2 9 6 204
2 10 1 203
2 10 2 97
2 10 3 214
2 10 4 212
2 10 5 209
2 10 6 208
2 11 1 104
2 11 2 98
2 11 3 115
2 11 4 113
2 11 5 110
2 11 6 109
2 12 1 105
2 12 2 99
2 12 3 202
2 12 4 114
2 12 5 111
2 12 6 106
3 7 1 106
3 7 2 105
3 7 3 99
3 7 4 202
3 7 5 114
3 7 6 111
3 8 1 107
3 8 2 101
3 8 3 100
3 8 4 207
3 8 5 201
3 8 6 112
3 9 1 108
3 9 2 102
3 9 3 95
3 9 4 211
3 9 5 206
3 9 6 200
3 10 1 204
3 10 2 103
3 10 3 96
3 10 4 213
3 10 5 210
3 10 6 205
3 11 1 208
3 11 2 203
3 11 3 97
3 11 4 214
3 11 5 212
3 11 6 209
3 12 1 109
3 12 2 104
3 12 3 98
3 12 4 115
3 12 5 113
3 12 6 110
4 7 1 110
4 7 2 109
4 7 3 104
4 7 4 98
4 7 5 115
4 7 6 113
4 8 1 111
4 8 2 106
4 8 3 105
4 8 4 99
4 8 5 202
4 8 6 114
4 9 1 112
4 9 2 107
4 9 3 101
4 9 4 100
4 9 5 207
4 9 6 201
4 10 1 200
4 10 2 108
4 10 3 102
4 10 4 95
4 10 5 211
4 10 6 206
4 11 1 205
4 11 2 204
4 11 3 103
4 11 4 96
4 11 5 213
4 11 6 210
4 12 1 209
4 12 2 208
4 12 3 203
4 12 4 97
4 12 5 214
4 12 6 212
5 7 1 212
5 7 2 209
5 7 3 208
5 7 4 203
5 7 5 97
5 7 6 214
5 8 1 113
5 8 2 110
5 8 3 109
5 8 4 104
5 8 5 98
5 8 6 115
5 9 1 114
5 9 2 111
5 9 3 106
5 9 4 105
5 9 5 99
5 9 6 202
5 10 1 201
5 10 2 112
5 10 3 107
5 10 4 101
5 10 5 100
5 10 6 207
5 11 1 206
5 11 2 200
5 11 3 108
5 11 4 102
5 11 5 95
5 11 6 211
5 12 1 210
5 12 2 205
5 12 3 204
5 12 4 103
5 12 5 96
5 12 6 213
6 7 1 213
6 7 2 210
6 7 3 205
6 7 4 204
6 7 5 103
6 7 6 96
6 8 1 214
6 8 2 212
6 8 3 209
6 8 4 208
6 8 5 203
6 8 6 97
6 9 1 115
6 9 2 113
6 9 3 110
6 9 4 109
6 9 5 104
6 9 6 98
6 10 1 202
6 10 2 114
6 10 3 111
6 10 4 106
6 10 5 105
6 10 6 99
6 11 1 207
6 11 2 201
6 11 3 112
6 11 4 107
6 11 5 101
6 11 6 100
6 12 1 211
6 12 2 206
6 12 3 200
6 12 4 108
6 12 5 102
6 12 6 95
1 13 1 116
1 13 2 331
1 13 3 326
1 13 4 320
1 13 5 129
1 13 6 123
1 14 1 117
1 14 2 333
1 14 3 330
1 14 4 325
1 14 5 324
1 14 6 124
1 15 1 118
1 15 2 334
1 15 3 332
1 15 4 329
1 15 5 328
1 15 6 323
1 16 1 119
1 16 2 136
1 16 3 134
1 16 4 131
1 16 5 130
1 16 6 125
1 17 1 120
1 17 2 322
1 17 3 135
1 17 4 132
1 17 5 127
1 17 6 126
1 18 1 121
1 18 2 327
1 18 3 321
1 18 4 133
1 18 5 128
1 18 6 122
2 13 1 122
2 13 2 121
2 13 3 327
2 13 4 321
2 13 5 133
2 13 6 128
2 14 1 123
2 14 2 116
2 14 3 331
2 14 4 326
2 14 5 320
2 14 6 129
2 15 1 124
2 15 2 117
2 15 3 333
2 15 4 330
2 15 5 325
2 15 6 324
2 16 1 323
2 16 2 118
2 16 3 334
2 16 4 332
2 16 5 329
2 16 6 328
2 17 1 125
2 17 2 119
2 17 3 136
2 17 4 134
2 17 5 131
2 17 6 130
2 18 1 126
2 18 2 120
2 18 3 322
2 18 4 135
2 18 5 132
2 18 6 127
3 13 1 127
3 13 2 126
3 13 3 120
3 13 4 322
3 13 5 135
3 13 6 132
3 14 1 128
3 14 2 122
3 14 3 121
3 14 4 327
3 14 5 321
3 14 6 133
3 15 1 129
3 15 2 123
3 15 3 116
3 15 4 331
3 15 5 326
3 15 6 320
3 16 1 324
3 16 2 124
3 16 3 117
3 16 4 333
3 16 5 330
3 16 6 325
3 17 1 328
3 17 2 323
3 17 3 118
3 17 4 334
3 17 5 332
3 17 6 329
3 18 1 130
3 18 2 125
3 18 3 119
3 18 4 136
3 18 5 134
3 18 6 131
4 13 1 131
4 13 2 130
4 13 3 125
4 13 4 119
4 13 5 136
4 13 6 134
4 14 1 132
4 14 2 127
4 14 3 126
4 14 4 120
4 14 5 322
4 14 6 135
4 15 1 133
4 15 2 128
4 15 3 122
4 15 4 121
4 15 5 327
4 15 6 321
4 16 1 320
4 16 2 129
4 16 3 123
4 16 4 116
4 16 5 331
4 16 6 326
4 17 1 325
4 17 2 324
4 17 3 124
4 17 4 117
4 17 5 333
4 17 6 330
4 18 1 329
4 18 2 328
4 18 3 323
4 18 4 118
4 18 5 334
4 18 6 332
5 13 1 332
5 13 2 329
5 13 3 328
5 13 4 323
5 13 5 118
5 13 6 334
5 14 1 134
5 14 2 131
5 14 3 130
5 14 4 125
5 14 5 119
5 14 6 136
5 15 1 135
5 15 2 132
5 15 3 127
5 15 4 126
5 15 5 120
5 15 6 322
5 16 1 321
5 16 2 133
5 16 3 128
5 16 4 122
5 16 5 121
5 16 6 327
5 17 1 326
5 17 2 320
5 17 3 129
5 17 4 123
5 17 5 116
5 17 6 331
5 18 1 330
5 18 2 325
5 18 3 324
5 18 4 124
5 18 5 117
5 18 6 333
6 13 1 333
6 13 2 330
6 13 3 325
6 13 4 324
6 13 5 124
6 13 6 117
6 14 1 334
6 14 2 332
6 14 3 329
6 14 4 328
6 14 5 323
6 14 6 118
6 15 1 136
6 15 2 134
6 15 3 131
6 15 4 130
6 15 5 125
6 15 6 119
6 16 1 322
6 16 2 135
6 16 3 132
6 16 4 127
6 16 5 126
6 16 6 120
6 17 1 327
6 17 2 321
6 17 3 133
6 17 4 128
6 17 5 122
6 17 6 121
6 18 1 331
6 18 2 326
6 18 3 320
6 18 4 129
6 18 5 123
6 18 6 116
1 19 1 137
1 19 2 445
1 19 3 440
1 19 4 434
1 19 5 150
1 19 6 144
1 20 1 138
1 20 2 447
1 20 3 444
1 20 4 439
1 20 5 438
1 20 6 145
1 21 1 139
1 21 2 448
1 21 3 446
1 21 4 443
1 21 5 442
1 21 6 437
1 22 1 140
1 22 2 157
1 22 3 155
1 22 4 152
1 22 5 151
1 22 6 146
1 23 1 141
1 23 2 436
1 23 3 156
1 23 4 153
1 23 5 148
1 23 6 147
1 24 1 142
1 24 2 441
1 24 3 435
1 24 4 154
1 24 5 149
1 24 6 143
2 19 1 143
2 19 2 142
2 19 3 441
2 19 4 435
2 19 5 154
2 19 6 149
2 20 1 144
2 20 2 137
2 20 3 445
2 20 4 440
2 20 5 434
2 20 6 150
2 21 1 145
2 21 2 138
2 21 3 447
2 21 4 444
2 21 5 439
2 21 6 438
2 22 1 437
2 22 2 139
2 22 3 448
2 22 4 446
2 22 5 443
2 22 6 442
2 23 1 146
2 23 2 140
2 23 3 157
2 23 4 155
2 23 5 152
2 23 6 151
2 24 1 147
2 24 2 141
2 24 3 436
2 24 4 156
2 24 5 153
2 24 6 148
3 19 1 148
3 19 2 147
3 19 3 141
3 19 4 436
3 19 5 156
3 19 6 153
3 20 1 149
3 20 2 143
3 20 3 142
3 20 4 441
3 20 5 435
3 20 6 154
3 21 1 150
3 21 2 144
3 21 3 137
3 21 4 445
3 21 5 440
3 21 6 434
3 22 1 438
3 22 2 145
3 22 3 138
3 22 4 447
3 22 5 444
3 22 6 439
3 23 1 442
3 23 2 437
3 23 3 139
3 23 4 448
3 23 5 446
3 23 6 443
3 24 1 151
3 24 2 146
3 24 3 140
3 24 4 157
3 24 5 155
3 24 6 152
4 19 1 152
4 19 2 151
4 19 3 146
4 19 4 140
4 19 5 157
4 19 6 155
4 20 1 153
4 20 2 148
4 20 3 147
4 20 4 141
4 20 5 436
4 20 6 156
4 21 1 154
4 21 2 149
4 21 3 143
4 21 4 142
4 21 5 441
4 21 6 435
4 22 1 434
4 22 2 150
4 22 3 144
4 22 4 137
4 22 5 445
4 22 6 440
4 23 1 439
4 23 2 438
4 23 3 145
4 23 4 138
4 23 5 447
4 23 6 444
4 24 1 443
4 24 2 442
4 24 3 437
4 24 4 139
4 24 5 448
4 24 6 446
5 19 1 446
5 19 2 443
5 19 3 442
5 19 4 437
5 19 5 139
5 19 6 448
5 20 1 155
5 20 2 152
5 20 3 151
5 20 4 146
5 20 5 140
5 20 6 157
5 21 1 156
5 21 2 153
5 21 3 148
5 21 4 147
5 21 5 141
5 21 6 436
5 22 1 435
5 22 2 154
5 22 3 149
5 22 4 143
5 22 5 142
5 22 6 441
5 23 1 440
5 23 2 434
5 23 3 150
5 23 4 144
5 23 5 137
5 23 6 445
5 24 1 444
5 24 2 439
5 24 3 438
5 24 4 145
5 24 5 138
5 24 6 447
6 19 1 447
6 19 2 444
6 19 3 439
6 19 4 438
6 19 5 145
6 19 6 138
6 20 1 448
6 20 2 446
6 20 3 443
6 20 4 442
6 20 5 437
6 20 6 139
6 21 1 157
6 21 2 155
6 21 3 152
6 21 4 151
6 21 5 146
6 21 6 140
6 22 1 436
6 22 2 156
6 22 3 153
6 22 4 148
6 22 5 147
6 22 6 141
6 23 1 441
6 23 2 435
6 23 3 154
6 23 4 149
6 23 5 143
6 23 6 142
6 24 1 445
6 24 2 440
6 24 3 434
6 24 4 150
6 24 5 144
6 24 6 137
1 25 1 158
1 25 2 553
1 25 3 548
1 25 4 542
1 25 5 171
1 25 6 165
1 26 1 159
1 26 2 555
1 26 3 552
1 26 4 547
1 26 5 546
1 26 6 166
1 27 1 160
1 27 2 556
1 27 3 554
1 27 4 551
1 27 5 550
1 27 6 545
1 28 1 161
1 28 2 178
1 28 3 176
1 28 4 173
1 28 5 172
1 28 6 167
1 29 1 162
1 29 2 544
1 29 3 177
1 29 4 174
1 29 5 169
1 29 6 168
1 30 1 163
1 30 2 549
1 30 3 543
1 30 4 175
1 30 5 170
1 30 6 164
2 25 1 164
2 25 2 163
2 25 3 549
2 25 4 543
2 25 5 175
2 25 6 170
2 26 1 165
2 26 2 158
2 26 3 553
2 26 4 548
2 26 5 542
2 26 6 171
2 27 1 166
2 27 2 159
2 27 3 555
2 27 4 552
2 27 5 547
2 27 6 546
2 28 1 545
2 28 2 160
2 28 3 556
2 28 4 554
2 28 5 551
2 28 6 550
2 29 1 167
2 29 2 161
2 29 3 178
2 29 4 176
2 29 5 173
2 29 6 172
2 30 1 168
2 30 2 162
2 30 3 544
2 30 4 177
2 30 5 174
2 30 6 169
3 25 1 169
3 25 2 168
3 25 3 162
3 25 4 544
3 25 5 177
3 25 6 174
3 26 1 170
3 26 2 164
3 26 3 163
3 26 4 549
3 26 5 543
3 26 6 175
3 27 1 171
3 27 2 165
3 27 3 158
3 27 4 553
3 27 5 548
3 27 6 542
3 28 1 546
3 28 2 166
3 28 3 159
3 28 4 555
3 28 5 552
3 28 6 547
3 29 1 550
3 29 2 545
3 29 3 160
3 29 4 556
3 29 5 554
3 29 6 551
3 30 1 172
3 30 2 167
3 30 3 161
3 30 4 178
3 30 5 176
3 30 6 173
4 25 1 173
4 25 2 172
4 25 3 167
4 25 4 161
4 25 5 178
4 25 6 176
4 26 1 174
4 26 2 169
4 26 3 168
4 26 4 162
4 26 5 544
4 26 6 177
4 27 1 175
4 27 2 170
4 27 3 164
4 27 4 163
4 27 5 549
4 27 6 543
4 28 1 542
4 28 2 171
4 28 3 165
4 28 4 158
4 28 5 553
4 28 6 548
4 29 1 547
4 29 2 546
4 29 3 166
4 29 4 159
4 29 5 555
4 29 6 552
4 30 1 551
4 30 2 550
4 30 3 545
4 30 4 160
4 30 5 556
4 30 6 554
5 25 1 554
5 25 2 551
5 25 3 550
5 25 4 545
5 25 5 160
5 25 6 556
5 26 1 176
5 26 2 173
5 26 3 172
5 26 4 167
5 26 5 161
5 26 6 178
5 27 1 177
5 27 2 174
5 27 3 169
5 27 4 168
5 27 5 162
5 27 6 544
5 28 1 543
5 28 2 175
5 28 3 170
5 28 4 164
5 28 5 163
5 28 6 549
5 29 1 548
5 29 2 542
5 29 3 171
5 29 4 165
5 29 5 158
5 29 6 553
5 30 1 552
5 30 2 547
5 30 3 546
5 30 4 166
5 30 5 159
5 30 6 555
6 25 1 555
6 25 2 552
6 25 3 547
6 25 4 546
6 25 5 166
6 25 6 159
6 26 1 556
6 26 2 554
6 26 3 551
6 26 4 550
6 26 5 545
6 26 6 160
6 27 1 178
6 27 2 176
6 27 3 173
6 27 4 172
6 27 5 167
6 27 6 161
6 28 1 544
6 28 2 177
6 28 3 174
6 28 4 169
6 28 5 168
6 28 6 162
6 29 1 549
6 29 2 543
6 29 3 175
6 29 4 170
6 29 5 164
6 29 6 163
6 30 1 553
6 30 2 548
6 30 3 542
6 30 4 171
6 30 5 165
6 30 6 158
1 31 1 179
1 31 2 655
1 31 3 650
1 31 4 644
1 31 5 192
1 31 6 186
1 32 1 180
1 32 2 657
1 32 3 654
1 32 4 649
1 32 5 648
1 32 6 187
1 33 1 181
1 33 2 658
1 33 3 656
1 33 4 653
1 33 5 652
1 33 6 647
1 34 1 182
1 34 2 199
1 34 3 197
1 34 4 194
1 34 5 193
1 34 6 188
1 35 1 183
1 35 2 646
1 35 3 198
1 35 4 195
1 35 5 190
1 35 6 189
1 36 1 184
1 36 2 651
1 36 3 645
1 36 4 196
1 36 5 191
1 36 6 185
2 31 1 185
2 31 2 184
2 31 3 651
2 31 4 645
2 31 5 196
2 31 6 191
2 32 1 186
2 32 2 179
2 32 3 655
2 32 4 650
2 32 5 644
2 32 6 192
2 33 1 187
2 33 2 180
2 33 3 657
2 33 4 654
2 33 5 649
2 33 6 648
2 34 1 647
2 34 2 181
2 34 3 658
2 34 4 656
2 34 5 653
2 34 6 652
2 35 1 188
2 35 2 182
2 35 3 199
2 35 4 197
2 35 5 194
2 35 6 193
2 36 1 189
2 36 2 183
2 36 3 646
2 36 4 198
2 36 5 195
2 36 6 190
3 31 1 190
3 31 2 189
3 31 3 183
3 31 4 646
3 31 5 198
3 31 6 195
3 32 1 191
3 32 2 185
3 32 3 184
3 32 4 651
3 32 5 645
3 32 6 196
3 33 1 192
3 33 2 186
3 33 3 179
3 33 4 655
3 33 5 650
3 33 6 644
3 34 1 648
3 34 2 187
3 34 3 180
3 34 4 657
3 34 5 654
3 34 6 649
3 35 1 652
3 35 2 647
3 35 3 181
3 35 4 658
3 35 5 656
3 35 6 653
3 36 1 193
3 36 2 188
3 36 3 182
3 36 4 199
3 36 5 197
3 36 6 194
4 31 1 194
4 31 2 193
4 31 3 188
4 31 4 182
4 31 5 199
4 31 6 197
4 32 1 195
4 32 2 190
4 32 3 189
4 32 4 183
4 32 5 646
4 32 6 198
4 33 1 196
4 33 2 191
4 33 3 185
4 33 4 184
4 33 5 651
4 33 6 645
4 34 1 644
4 34 2 192
4 34 3 186
4 34 4 179
4 34 5 655
4 34 6 650
4 35 1 649
4 35 2 648
4 35 3 187
4 35 4 180
4 35 5 657
4 35 6 654
4 36 1 653
4 36 2 652
4 36 3 647
4 36 4 181
4 36 5 658
4 36 6 656
5 31 1 656
5 31 2 653
5 31 3 652
5 31 4 647
5 31 5 181
5 31 6 658
5 32 1 197
5 32 2 194
5 32 3 193
5 32 4 188
5 32 5 182
5 32 6 199
5 33 1 198
5 33 2 195
5 33 3 190
5 33 4 189
5 33 5 183
5 33 6 646
5 34 1 645
5 34 2 196
5 34 3 191
5 34 4 185
5 34 5 184
5 34 6 651
5 35 1 650
5 35 2 644
5 35 3 192
5 35 4 186
5 35 5 179
5 35 6 655
5 36 1 654
5 36 2 649
5 36 3 648
5 36 4 187
5 36 5 180
5 36 6 657
6 31 1 657
6 31 2 654
6 31 3 649
6 31 4 648
6 31 5 187
6 31 6 180
6 32 1 658
6 32 2 656
6 32 3 653
6 32 4 652
6 32 5 647
6 32 6 181
6 33 1 199
6 33 2 197
6 33 3 194
6 33 4 193
6 33 5 188
6 33 6 182
6 34 1 646
6 34 2 198
6 34 3 195
6 34 4 190
6 34 5 189
6 34 6 183
6 35 1 651
6 35 2 645
6 35 3 196
6 35 4 191
6 35 5 185
6 35 6 184
6 36 1 655
6 36 2 650
6 36 3 644
6 36 4 192
6 36 5 186
6 36 6 179
7 1 1 200
7 1 2 108
7 1 3 102
7 1 4 95
7 1 5 211
7 1 6 206
7 2 1 201
7 2 2 112
7 2 3 107
7 2 4 101
7 2 5 100
7 2 6 207
7 3 1 202
7 3 2 114
7 3 3 111
7 3 4 106
7 3 5 105
7 3 6 99
7 4 1 98
7 4 2 115
7 4 3 113
7 4 4 110
7 4 5 109
7 4 6 104
7 5 1 203
7 5 2 97
7 5 3 214
7 5 4 212
7 5 5 209
7 5 6 208
7 6 1 204
7 6 2 103
7 6 3 96
7 6 4 213
7 6 5 210
7 6 6 205
8 1 1 205
8 1 2 204
8 1 3 103
8 1 4 96
8 1 5 213
8 1 6 210
8 2 1 206
8 2 2 200
8 2 3 108
8 2 4 102
8 2 5 95
8 2 6 211
8 3 1 207
8 3 2 201
8 3 3 112
8 3 4 107
8 3 5 101
8 3 6 100
8 4 1 99
8 4 2 202
8 4 3 114
8 4 4 111
8 4 5 106
8 4 6 105
8 5 1 104
8 5 2 98
8 5 3 115
8 5 4 113
8 5 5 110
8 5 6 109
8 6 1 208
8 6 2 203
8 6 3 97
8 6 4 214
8 6 5 212
8 6 6 209
9 1 1 209
9 1 2 208
9 1 3 203
9 1 4 97
9 1 5 214
9 1 6 212
9 2 1 210
9 2 2 205
9 2 3 204
9 2 4 103
9 2 5 96
9 2 6 213
9 3 1 211
9 3 2 206
9 3 3 200
9 3 4 108
9 3 5 102
9 3 6 95
9 4 1 100
9 4 2 207
9 4 3 201
9 4 4 112
9 4 5 107
9 4 6 101
9 5 1 105
9 5 2 99
9 5 3 202
9 5 4 114
9 5 5 111
9 5 6 106
9 6 1 109
9 6 2 104
9 6 3 98
9 6 4 115
9 6 5 113
9 6 6 110
10 1 1 110
10 1 2 109
10 1 3 104
10 1 4 98
10 1 5 115
10 1 6 113
10 2 1 212
10 2 2 209
10 2 3 208
10 2 4 203
10 2 5 97
10 2 6 214
10 3 1 213
10 3 2 210
10 3 3 205
10 3 4 204
10 3 5 103
10 3 6 96
10 4 1 95
10 4 2 211
10 4 3 206
10 4 4 200
10 4 5 108
10 4 6 102
10 5 1 101
10 5 2 100
10 5 3 207
10 5 4 201
10 5 5 112
10 5 6 107
10 6 1 106
10 6 2 105
10 6 3 99
10 6 4 202
10 6 5 114
10 6 6 111
11 1 1 111
11 1 2 106
11 1 3 105
11 1 4 99
11 1 5 202
11 1 6 114
11 2 1 113
11 2 2 110
11 2 3 109
11 2 4 104
11 2 5 98
11 2 6 115
11 3 1 214
11 3 2 212
11 3 3 209
11 3 4 208
11 3 5 203
11 3 6 97
11 4 1 96
11 4 2 213
11 4 3 210
11 4 4 205
11 4 5 204
11 4 6 103
11 5 1 102
11 5 2 95
11 5 3 211
11 5 4 206
11 5 5 200
11 5 6 108
11 6 1 107
11 6 2 101
11 6 3 100
11 6 4 207
11 6 5 201
11 6 6 112
12 1 1 112
12 1 2 107
12 1 3 101
12 1 4 100
12 1 5 207
12 1 6 201
12 2 1 114
12 2 2 111
12 2 3 106
12 2 4 105
12 2 5 99
12 2 6 202
12 3 1 115
12 3 2 113
12 3 3 110
12 3 4 109
12 3 5 104
12 3 6 98
12 4 1 97
12 4 2 214
12 4 3 212
12 4 4 209
12 4 5 208
12 4 6 203
12 5 1 103
12 5 2 96
12 5 3 213
12 5 4 210
12 5 5 205
12 5 6 204
12 6 1 108
12 6 2 102
12 6 3 95
12 6 4 211
12 6 5 206
12 6 6 200
7 7 1 215
7 7 2 228
7 7 3 222
7 7 4 215
7 7 5 228
7 7 6 222
7 8 1 216
7 8 2 232
7 8 3 227
7 8 4 221
7 8 5 220
7 8 6 223
7 9 1 217
7 9 2 234
7 9 3 231
7 9 4 226
7 9 5 225
7 9 6 219
7 10 1 218
7 10 2 235
7 10 3 233
7 10 4 230
7 10 5 229
7 10 6 224
7 11 1 219
7 11 2 217
7 11 3 234
7 11 4 231
7 11 5 226
7 11 6 225
7 12 1 220
7 12 2 223
7 12 3 216
7 12 4 232
7 12 5 227
7 12 6 221
8 7 1 221
8 7 2 220
8 7 3 223
8 7 4 216
8 7 5 232
8 7 6 227
8 8 1 222
8 8 2 215
8 8 3 228
8 8 4 222
8 8 5 215
8 8 6 228
8 9 1 223
8 9 2 216
8 9 3 232
8 9 4 227
8 9 5 221
8 9 6 220
8 10 1 219
8 10 2 217
8 10 3 234
8 10 4 231
8 10 5 226
8 10 6 225
8 11 1 224
8 11 2 218
8 11 3 235
8 11 4 233
8 11 5 230
8 11 6 229
8 12 1 225
8 12 2 219
8 12 3 217
8 12 4 234
8 12 5 231
8 12 6 226
9 7 1 226
9 7 2 225
9 7 3 219
9 7 4 217
9 7 5 234
9 7 6 231
9 8 1 227
9 8 2 221
9 8 3 220
9 8 4 223
9 8 5 216
9 8 6 232
9 9 1 228
9 9 2 222
9 9 3 215
9 9 4 228
9 9 5 222
9 9 6 215
9 10 1 220
9 10 2 223
9 10 3 216
9 10 4 232
9 10 5 227
9 10 6 221
9 11 1 225
9 11 2 219
9 11 3 217
9 11 4 234
9 11 5 231
9 11 6 226
9 12 1 229
9 12 2 224
9 12 3 218
9 12 4 235
9 12 5 233
9 12 6 230
10 7 1 230
10 7 2 229
10 7 3 224
10 7 4 218
10 7 5 235
10 7 6 233
10 8 1 231
10 8 2 226
10 8 3 225
10 8 4 219
10 8 5 217
10 8 6 234
10 9 1 232
10 9 2 227
10 9 3 221
10 9 4 220
10 9 5 223
10 9 6 216
10 10 1 215
10 10 2 228
10 10 3 222
10 10 4 215
10 10 5 228
10 10 6 222
10 11 1 221
10 11 2 220
10 11 3 223
10 11 4 216
10 11 5 232
10 11 6 227
10 12 1 226
10 12 2 225
10 12 3 219
10 12 4 217
10 12 5 234
10 12 6 231
11 7 1 231
11 7 2 226
11 7 3 225
11 7 4 219
11 7 5 217
11 7 6 234
11 8 1 233
11 8 2 230
11 8 3 229
11 8 4 224
11 8 5 218
11 8 6 235
11 9 1 234
11 9 2 231
11 9 3 226
11 9 4 225
11 9 5 219
11 9 6 217
11 10 1 216
11 10 2 232
11 10 3 227
11 10 4 221
11 10 5 220
11 10 6 223
11 11 1 222
11 11 2 215
11 11 3 228
11 11 4 222
11 11 5 215
11 11 6 228
11 12 1 227
11 12 2 221
11 12 3 220
11 12 4 223
11 12 5 216
11 12 6 232
12 7 1 232
12 7 2 227
12 7 3 221
12 7 4 220
12 7 5 223
12 7 6 216
12 8 1 234
12 8 2 231
12 8 3 226
12 8 4 225
12 8 5 219
12 8 6 217
12 9 1 235
12 9 2 233
12 9 3 230
12 9 4 229
12 9 5 224
12 9 6 218
12 10 1 217
12 10 2 234
12 10 3 231
12 10 4 226
12 10 5 225
12 10 6 219
12 11 1 223
12 11 2 216
12 11 3 232
12 11 4 227
12 11 5 221
12 11 6 220
12 12 1 228
12 12 2 222
12 12 3 215
12 12 4 228
12 12 5 222
12 12 6 215
7 13 1 236
7 13 2 346
7 13 3 341
7 13 4 335
7 13 5 249
7 13 6 243
7 14 1 237
7 14 2 348
7 14 3 345
7 14 4 340
7 14 5 339
7 14 6 244
7 15 1 238
7 15 2 349
7 15 3 347
7 15 4 344
7 15 5 343
7 15 6 338
7 16 1 239
7 16 2 256
7 16 3 254
7 16 4 251
7 16 5 250
7 16 6 245
7 17 1 240
7 17 2 337
7 17 3 255
7 17 4 252
7 17 5 247
7 17 6 246
7 18 1 241
7 18 2 342
7 18 3 336
7 18 4 253
7 18 5 248
7 18 6 242
8 13 1 242
8 13 2 241
8 13 3 342
8 13 4 336
8 13 5 253
8 13 6 248
8 14 1 243
8 14 2 236
8 14 3 346
8 14 4 341
8 14 5 335
8 14 6 249
8 15 1 244
8 15 2 237
8 15 3 348
8 15 4 345
8 15 5 340
8 15 6 339
8 16 1 338
8 16 2 238
8 16 3 349
8 16 4 347
8 16 5 344
8 16 6 343
8 17 1 245
8 17 2 239
8 17 3 256
8 17 4 254
8 17 5 251
8 17 6 250
8 18 1 246
8 18 2 240
8 18 3 337
8 18 4 255
8 18 5 252
8 18 6 247
9 13 1 247
9 13 2 246
9 13 3 240
9 13 4 337
9 13 5 255
9 13 6 252
9 14 1 248
9 14 2 242
9 14 3 241
9 14 4 342
9 14 5 336
9 14 6 253
9 15 1 249
9 15 2 243
9 15 3 236
9 15 4 346
9 15 5 341
9 15 6 335
9 16 1 339
9 16 2 244
9 16 3 237
9 16 4 348
9 16 5 345
9 16 6 340
9 17 1 343
9 17 2 338
9 17 3 238
9 17 4 349
9 17 5 347
9 17 6 344
9 18 1 250
9 18 2 245
9 18 3 239
9 18 4 256
9 18 5 254
9 18 6 251
10 13 1 251
10 13 2 250
10 13 3 245
10 13 4 239
10 13 5 256
10 13 6 254
10 14 1 252
10 14 2 247
10 14 3 246
10 14 4 240
10 14 5 337
10 14 6 255
10 15 1 253
10 15 2 248
10 15 3 242
10 15 4 241
10 15 5 342
10 15 6 336
10 16 1 335
10 16 2 249
10 16 3 243
10 16 4 236
10 16 5 346
10 16 6 341
10 17 1 340
10 17 2 339
10 17 3 244
10 17 4 237
10 17 5 348
10 17 6 345
10 18 1 344
10 18 2 343
10 18 3 338
10 18 4 238
10 18 5 349
10 18 6 347
11 13 1 347
11 13 2 344
11 13 3 343
11 13 4 338
11 13 5 238
11 13 6 349
11 14 1 254
11 14 2 251
11 14 3 250
11 14 4 245
11 14 5 239
11 14 6 256
11 15 1 255
11 15 2 252
11 15 3 247
11 15 4 246
11 15 5 240
11 15 6 337
11 16 1 336
11 16 2 253
11 16 3 248
11 16 4 242
11 16 5 241
11 16 6 342
11 17 1 341
11 17 2 335
11 17 3 249
11 17 4 243
11 17 5 236
11 17 6 346
11 18 1 345
11 18 2 340
11 18 3 339
11 18 4 244
11 18 5 237
11 18 6 348
12 13 1 348
12 13 2 345
12 13 3 340
12 13 4 339
12 13 5 244
12 13 6 237
12 14 1 349
12 14 2 347
12 14 3 344
12 14 4 343
12 14 5 338
12 14 6 238
12 15 1 256
12 15 2 254
12 15 3 251
12 15 4 250
12 15 5 245
12 15 6 239
12 16 1 337
12 16 2 255
12 16 3 252
12 16 4 247
12 16 5 246
12 16 6 240
12 17 1 342
12 17 2 336
12 17 3 253
12 17 4 248
12 17 5 242
12 17 6 241
12 18 1 346
12 18 2 341
12 18 3 335
12 18 4 249
12 18 5 243
12 18 6 236
7 19 1 257
7 19 2 460
7 19 3 455
7 19 4 449
7 19 5 270
7 19 6 264
7 20 1 258
7 20 2 462
7 20 3 459
7 20 4 454
7 20 5 453
7 20 6 265
7 21 1 259
7 21 2 463
7 21 3 461
7 21 4 458
7 21 5 457
7 21 6 452
7 22 1 260
7 22 2 277
7 22 3 275
7 22 4 272
7 22 5 271
7 22 6 266
7 23 1 261
7 23 2 451
7 23 3 276
7 23 4 273
7 23 5 268
7 23 6 267
7 24 1 262
7 24 2 456
7 24 3 450
7 24 4 274
7 24 5 269
7 24 6 263
8 19 1 263
8 19 2 262
8 19 3 456
8 19 4 450
8 19 5 274
8 19 6 269
8 20 1 264
8 20 2 257
8 20 3 460
8 20 4 455
8 20 5 449
8 20 6 270
8 21 1 265
8 21 2 258
8 21 3 462
8 21 4 459
8 21 5 454
8 21 6 453
8 22 1 452
8 22 2 259
8 22 3 463
8 22 4 461
8 22 5 458
8 22 6 457
8 23 1 266
8 23 2 260
8 23 3 277
8 23 4 275
8 23 5 272
8 23 6 271
8 24 1 267
8 24 2 261
8 24 3 451
8 24 4 276
8 24 5 273
8 24 6 268
9 19 1 268
9 19 2 267
9 19 3 261
9 19 4 451
9 19 5 276
9 19 6 273
9 20 1 269
9 20 2 263
9 20 3 262
9 20 4 456
9 20 5 450
9 20 6 274
9 21 1 270
9 21 2 264
9 21 3 257
9 21 4 460
9 21 5 455
9 21 6 449
9 22 1 453
9 22 2 265
9 22 3 258
9 22 4 462
9 22 5 459
9 22 6 454
9 23 1 457
9 23 2 452
9 23 3 259
9 23 4 463
9 23 5 461
9 23 6 458
9 24 1 271
9 24 2 266
9 24 3 260
9 24 4 277
9 24 5 275
9 24 6 272
10 19 1 272
10 19 2 271
10 19 3 266
10 19 4 260
10 19 5 277
10 19 6 275
10 20 1 273
10 20 2 268
10 20 3 267
10 20 4 261
10 20 5 451
10 20 6 276
10 21 1 274
10 21 2 269
10 21 3 263
10 21 4 262
10 21 5 456
10 21 6 450
10 22 1 449
10 22 2 270
10 22 3 264
10 22 4 257
10 22 5 460
10 22 6 455
10 23 1 454
10 23 2 453
10 23 3 265
10 23 4 258
10 23 5 462
10 23 6 459
10 24 1 458
10 24 2 457
10 24 3 452
10 24 4 259
10 24 5 463
10 24 6 461
11 19 1 461
11 19 2 458
11 19 3 457
11 19 4 452
11 19 5 259
11 19 6 463
11 20 1 275
11 20 2 272
11 20 3 271
11 20 4 266
11 20 5 260
11 20 6 277
11 21 1 276
11 21 2 273
11 21 3 268
11 21 4 267
11 21 5 261
11 21 6 451
11 22 1 450
11 22 2 274
11 22 3 269
11 22 4 263
11 22 5 262
11 22 6 456
11 23 1 455
11 23 2 449
11 23 3 270
11 23 4 264
11 23 5 257
11 23 6 460
11 24 1 459
11 24 2 454
11 24 3 453
11 24 4 265
11 24 5 258
11 24 6 462
12 19 1 462
12 19 2 459
12 19 3 454
12 19 4 453
12 19 5 265
12 19 6 258
12 20 1 463
12 20 2 461
12 20 3 458
12 20 4 457
12 20 5 452
12 20 6 259
12 21 1 277
12 21 2 275
12 21 3 272
12 21 4 271
12 21 5 266
12 21 6 260
12 22 1 451
12 22 2 276
12 22 3 273
12 22 4 268
12 22 5 267
12 22 6 261
12 23 1 456
12 23 2 450
12 23 3 274
12 23 4 269
12 23 5 263
12 23 6 262
12 24 1 460
12 24 2 455
12 24 3 449
12 24 4 270
12 24 5 264
12 24 6 257
7 25 1 278
7 25 2 568
7 25 3 563
7 25 4 557
7 25 5 291
7 25 6 285
7 26 1 279
7 26 2 570
7 26 3 567
7 26 4 562
7 26 5 561
7 26 6 286
7 27 1 280
7 27 2 571
7 27 3 569
7 27 4 566
7 27 5 565
7 27 6 560
7 28 1 281
7 28 2 298
7 28 3 296
7 28 4 293
7 28 5 292
7 28 6 287
7 29 1 282
7 29 2 559
7 29 3 297
7 29 4 294
7 29 5 289
7 29 6 288
7 30 1 283
7 30 2 564
7 30 3 558
7 30 4 295
7 30 5 290
7 30 6 284
8 25 1 284
8 25 2 283
8 25 3 564
8 25 4 558
8 25 5 295
8 25 6 290
8 26 1 285
8 26 2 278
8 26 3 568
8 26 4 563
8 26 5 557
8 26 6 291
8 27 1 286
8 27 2 279
8 27 3 570
8 27 4 567
8 27 5 562
8 27 6 561
8 28 1 560
8 28 2 280
8 28 3 571
8 28 4 569
8 28 5 566
8 28 6 565
8 29 1 287
8 29 2 281
8 29 3 298
8 29 4 296
8 29 5 293
8 29 6 292
8 30 1 288
8 30 2 282
8 30 3 559
8 30 4 297
8 30 5 294
8 30 6 289
9 25 1 289
9 25 2 288
9 25 3 282
9 25 4 559
9 25 5 297
9 25 6 294
9 26 1 290
9 26 2 284
9 26 3 283
9 26 4 564
9 26 5 558
9 26 6 295
9 27 1 291
9 27 2 285
9 27 3 278
9 27 4 568
9 27 5 563
9 27 6 557
9 28 1 561
9 28 2 286
9 28 3 279
9 28 4 570
9 28 5 567
9 28 6 562
9 29 1 565
9 29 2 560
9 29 3 280
9 29 4 571
9 29 5 569
9 29 6 566
9 30 1 292
9 30 2 287
9 30 3 281
9 30 4 298
9 30 5 296
9 30 6 293
10 25 1 293
10 25 2 292
10 25 3 287
10 25 4 281
10 25 5 298
10 25 6 296
10 26 1 294
10 26 2 289
10 26 3 288
10 26 4 282
10 26 5 559
10 26 6 297
10 27 1 295
10 27 2 290
10 27 3 284
10 27 4 283
10 27 5 564
10 27 6 558
10 28 1 557
10 28 2 291
10 28 3 285
10 28 4 278
10 28 5 568
10 28 6 563
10 29 1 562
10 29 2 561
10 29 3 286
10 29 4 279
10 29 5 570
10 29 6 567
10 30 1 566
10 30 2 565
10 30 3 560
10 30 4 280
10 30 5 571
10 30 6 569
11 25 1 569
11 25 2 566
11 25 3 565
11 25 4 560
11 25 5 280
11 25 6 571
11 26 1 296
11 26 2 293
11 26 3 292
11 26 4 287
11 26 5 281
11 26 6 298
11 27 1 297
11 27 2 294
11 27 3 289
11 27 4 288
11 27 5 282
11 27 6 559
11 28 1 558
11 28 2 295
11 28 3 290
11 28 4 284
11 28 5 283
11 28 6 564
11 29 1 563
11 29 2 557
11 29 3 291
11 29 4 285
11 29 5 278
11 29 6 568
11 30 1 567
11 30 2 562
11 30 3 561
11 30 4 286
11 30 5 279
11 30 6 570
12 25 1 570
12 25 2 567
12 25 3 562
12 25 4 561
12 25 5 286
12 25 6 279
12 26 1 571
12 26 2 569
12 26 3 566
12 26 4 565
12 26 5 560
12 26 6 280
12 27 1 298
12 27 2 296
12 27 3 293
12 27 4 292
12 27 5 287
12 27 6 281
12 28 1 559
12 28 2 297
12 28 3 294
12 28 4 289
12 28 5 288
12 28 6 282
12 29 1 564
12 29 2 558
12 29 3 295
12 29 4 290
12 29 5 284
12 29 6 283
12 30 1 568
12 30 2 563
12 30 3 557
12 30 4 291
12 30 5 285
12 30 6 278
7 31 1 299
7 31 2 670
7 31 3 665
7 31 4 659
7 31 5 312
7 31 6 306
7 32 1 300
7 32 2 672
7 32 3 669
7 32 4 664
7 32 5 663
7 32 6 307
7 33 1 301
7 33 2 673
7 33 3 671
7 33 4 668
7 33 5 667
7 33 6 662
7 34 1 302
7 34 2 319
7 34 3 317
7 34 4 314
7 34 5 313
7 34 6 308
7 35 1 303
7 35 2 661
7 35 3 318
7 35 4 315
7 35 5 310
7 35 6 309
7 36 1 304
7 36 2 666
7 36 3 660
7 36 4 316
7 36 5 311
7 36 6 305
8 31 1 305
8 31 2 304
8 31 3 666
8 31 4 660
8 31 5 316
8 31 6 311
8 32 1 306
8 32 2 299
8 32 3 670
8 32 4 665
8 32 5 659
8 32 6 312
8 33 1 307
8 33 2 300
8 33 3 672
8 33 4 669
8 33 5 664
8 33 6 663
8 34 1 662
8 34 2 301
8 34 3 673
8 34 4 671
8 34 5 668
8 34 6 667
8 35 1 308
8 35 2 302
8 35 3 319
8 35 4 317
8 35 5 314
8 35 6 313
8 36 1 309
8 36 2 303
8 36 3 661
8 36 4 318
8 36 5 315
8 36 6 310
9 31 1 310
9 31 2 309
9 31 3 303
9 31 4 661
9 31 5 318
9 31 6 315
9 32 1 311
9 32 2 305
9 32 3 304
9 32 4 666
9 32 5 660
9 32 6 316
9 33 1 312
9 33 2 306
9 33 3 299
9 33 4 670
9 33 5 665
9 33 6 659
9 34 1 663
9 34 2 307
9 34 3 300
9 34 4 672
9 34 5 669
9 34 6 664
9 35 1 667
9 35 2 662
9 35 3 301
9 35 4 673
9 35 5 671
9 35 6 668
9 36 1 313
9 36 2 308
9 36 3 302
9 36 4 319
9 36 5 317
9 36 6 314
10 31 1 314
10 31 2 313
10 31 3 308
10 31 4 302
10 31 5 319
10 31 6 317
10 32 1 315
10 32 2 310
10 32 3 309
10 32 4 303
10 32 5 661
10 32 6 318
10 33 1 316
10 33 2 311
10 33 3 305
10 33 4 304
10 33 5 666
10 33 6 660
10 34 1 659
10 34 2 312
10 34 3 306
10 34 4 299
10 34 5 670
10 34 6 665
10 35 1 664
10 35 2 663
10 35 3 307
10 35 4 300
10 35 5 672
10 35 6 669
10 36 1 668
10 36 2 667
10 36 3 662
10 36 4 301
10 36 5 673
10 36 6 671
11 31 1 671
11 31 2 668
11 31 3 667
11 31 4 662
11 31 5 301
11 31 6 673
11 32 1 317
11 32 2 314
11 32 3 313
11 32 4 308
11 32 5 302
11 32 6 319
11 33 1 318
11 33 2 315
11 33 3 310
11 33 4 309
11 33 5 303
11 33 6 661
11 34 1 660
11 34 2 316
11 34 3 311
11 34 4 305
11 34 5 304
11 34 6 666
11 35 1 665
11 35 2 659
11 35 3 312
11 35 4 306
11 35 5 299
11 35 6 670
11 36 1 669
11 36 2 664
11 36 3 663
11 36 4 307
11 36 5 300
11 36 6 672
12 31 1 672
12 31 2 669
12 31 3 664
12 31 4 663
12 31 5 307
12 31 6 300
12 32 1 673
12 32 2 671
12 32 3 668
12 32 4 667
12 32 5 662
12 32 6 301
12 33 1 319
12 33 2 317
12 33 3 314
12 33 4 313
12 33 5 308
12 33 6 302
12 34 1 661
12 34 2 318
12 34 3 315
12 34 4 310
12 34 5 309
12 34 6 303
12 35 1 666
12 35 2 660
12 35 3 316
12 35 4 311
12 35 5 305
12 35 6 304
12 36 1 670
12 36 2 665
12 36 3 659
12 36 4 312
12 36 5 306
12 36 6 299
13 1 1 320
13 1 2 129
13 1 3 123
13 1 4 116
13 1 5 331
13 1 6 326
13 2 1 321
13 2 2 133
13 2 3 128
13 2 4 122
13 2 5 121
13 2 6 327
13 3 1 322
13 3 2 135
13 3 3 132
13 3 4 127
13 3 5 126
13 3 6 120
13 4 1 119
13 4 2 136
13 4 3 134
13 4 4 131
13 4 5 130
13 4 6 125
13 5 1 323
13 5 2 118
13 5 3 334
13 5 4 332
13 5 5 329
13 5 6 328
13 6 1 324
13 6 2 124
13 6 3 117
13 6 4 333
13 6 5 330
13 6 6 325
14 1 1 325
14 1 2 324
14 1 3 124
14 1 4 117
14 1 5 333
14 1 6 330
14 2 1 326
14 2 2 320
14 2 3 129
14 2 4 123
14 2 5 116
14 2 6 331
14 3 1 327
14 3 2 321
14 3 3 133
14 3 4 128
14 3 5 122
14 3 6 121
14 4 1 120
14 4 2 322
14 4 3 135
14 4 4 132
14 4 5 127
14 4 6 126
14 5 1 125
14 5 2 119
14 5 3 136
14 5 4 134
14 5 5 131
14 5 6 130
14 6 1 328
14 6 2 323
14 6 3 118
14 6 4 334
14 6 5 332
14 6 6 329
15 1 1 329
15 1 2 328
15 1 3 323
15 1 4 118
15 1 5 334
15 1 6 332
15 2 1 330
15 2 2 325
15 2 3 324
15 2 4 124
15 2 5 117
15 2 6 333
15 3 1 331
15 3 2 326
15 3 3 320
15 3 4 129
15 3 5 123
15 3 6 116
15 4 1 121
15 4 2 327
15 4 3 321
15 4 4 133
15 4 5 128
15 4 6 122
15 5 1 126
15 5 2 120
15 5 3 322
15 5 4 135
15 5 5 132
15 5 6 127
15 6 1 130
15 6 2 125
15 6 3 119
15 6 4 136
15 6 5 134
15 6 6 131
16 1 1 131
16 1 2 130
16 1 3 125
16 1 4 119
16 1 5 136
16 1 6 134
16 2 1 332
16 2 2 329
16 2 3 328
16 2 4 323
16 2 5 118
16 2 6 334
16 3 1 333
16 3 2 330
16 3 3 325
16 3 4 324
16 3 5 124
16 3 6 117
16 4 1 116
16 4 2 331
16 4 3 326
16 4 4 320
16 4 5 129
16 4 6 123
16 5 1 122
16 5 2 121
16 5 3 327
16 5 4 321
16 5 5 133
16 5 6 128
16 6 1 127
16 6 2 126
16 6 3 120
16 6 4 322
16 6 5 135
16 6 6 132
17 1 1 132
17 1 2 127
17 1 3 126
17 1 4 120
17 1 5 322
17 1 6 135
17 2 1 134
17 2 2 131
17 2 3 130
17 2 4 125
17 2 5 119
17 2 6 136
17 3 1 334
17 3 2 332
17 3 3 329
17 3 4 328
17 3 5 323
17 3 6 118
17 4 1 117
17 4 2 333
17 4 3 330
17 4 4 325
17 4 5 324
17 4 6 124
17 5 1 123
17 5 2 116
17 5 3 331
17 5 4 326
17 5 5 320
17 5 6 129
17 6 1 128
17 6 2 122
17 6 3 121
17 6 4 327
17 6 5 321
17 6 6 133
18 1 1 133
18 1 2 128
18 1 3 122
18 1 4 121
18 1 5 327
18 1 6 321
18 2 1 135
18 2 2 132
18 2 3 127
18 2 4 126
18 2 5 120
18 2 6 322
18 3 1 136
18 3 2 134
18 3 3 131
18 3 4 130
18 3 5 125
18 3 6 119
18 4 1 118
18 4 2 334
18 4 3 332
18 4 4 329
18 4 5 328
18 4 6 323
18 5 1 124
18 5 2 117
18 5 3 333
18 5 4 330
18 5 5 325
18 5 6 324
18 6 1 129
18 6 2 123
18 6 3 116
18 6 4 331
18 6 5 326
18 6 6 320
13 7 1 335
13 7 2 249
13 7 3 243
13 7 4 236
13 7 5 346
13 7 6 341
13 8 1 336
13 8 2 253
13 8 3 248
13 8 4 242
13 8 5 241
13 8 6 342
13 9 1 337
13 9 2 255
13 9 3 252
13 9 4 247
13 9 5 246
13 9 6 240
13 10 1 239
13 10 2 256
13 10 3 254
13 10 4 251
13 10 5 250
13 10 6 245
13 11 1 338
13 11 2 238
13 11 3 349
13 11 4 347
13 11 5 344
13 11 6 343
13 12 1 339
13 12 2 244
13 12 3 237
13 12 4 348
13 12 5 345
13 12 6 340
14 7 1 340
14 7 2 339
14 7 3 244
14 7 4 237
14 7 5 348
14 7 6 345
14 8 1 341
14 8 2 335
14 8 3 249
14 8 4 243
14 8 5 236
14 8 6 346
14 9 1 342
14 9 2 336
14 9 3 253
14 9 4 248
14 9 5 242
14 9 6 241
14 10 1 240
14 10 2 337
14 10 3 255
14 10 4 252
14 10 5 247
14 10 6 246
14 11 1 245
14 11 2 239
14 11 3 256
14 11 4 254
14 11 5 251
14 11 6 250
14 12 1 343
14 12 2 338
14 12 3 238
14 12 4 349
14 12 5 347
14 12 6 344
15 7 1 344
15 7 2 343
15 7 3 338
15 7 4 238
15 7 5 349
15 7 6 347
15 8 1 345
15 8 2 340
15 8 3 339
15 8 4 244
15 8 5 237
15 8 6 348
15 9 1 346
15 9 2 341
15 9 3 335
15 9 4 249
15 9 5 243
15 9 6 236
15 10 1 241
15 10 2 342
15 10 3 336
15 10 4 253
15 10 5 248
15 10 6 242
15 11 1 246
15 11 2 240
15 11 3 337
15 11 4 255
15 11 5 252
15 11 6 247
15 12 1 250
15 12 2 245
15 12 3 239
15 12 4 256
15 12 5 254
15 12 6 251
16 7 1 251
16 7 2 250
16 7 3 245
16 7 4 239
16 7 5 256
16 7 6 254
16 8 1 347
16 8 2 344
16 8 3 343
16 8 4 338
16 8 5 238
16 8 6 349
16 9 1 348
16 9 2 345
16 9 3 340
16 9 4 339
16 9 5 244
16 9 6 237
16 10 1 236
16 10 2 346
16 10 3 341
16 10 4 335
16 10 5 249
16 10 6 243
16 11 1 242
16 11 2 241
16 11 3 342
16 11 4 336
16 11 5 253
16 11 6 248
16 12 1 247
16 12 2 246
16 12 3 240
16 12 4 337
16 12 5 255
16 12 6 252
17 7 1 252
17 7 2 247
17 7 3 246
17 7 4 240
17 7 5 337
17 7 6 255
17 8 1 254
17 8 2 251
17 8 3 250
17 8 4 245
17 8 5 239
17 8 6 256
17 9 1 349
17 9 2 347
17 9 3 344
17 9 4 343
17 9 5 338
17 9 6 238
17 10 1 237
17 10 2 348
17 10 3 345
17 10 4 340
17 10 5 339
17 10 6 244
17 11 1 243
17 11 2 236
17 11 3 346
17 11 4 341
17 11 5 335
17 11 6 249
17 12 1 248
17 12 2 242
17 12 3 241
17 12 4 342
17 12 5 336
17 12 6 253
18 7 1 253
18 7 2 248
18 7 3 242
18 7 4 241
18 7 5 342
18 7 6 336
18 8 1 255
18 8 2 252
18 8 3 247
18 8 4 246
18 8 5 240
18 8 6 337
18 9 1 256
18 9 2 254
18 9 3 251
18 9 4 250
18 9 5 245
18 9 6 239
18 10 1 238
18 10 2 349
18 10 3 347
18 10 4 344
18 10 5 343
18 10 6 338
18 11 1 244
18 11 2 237
18 11 3 348
18 11 4 345
18 11 5 340
18 11 6 339
18 12 1 249
18 12 2 243
18 12 3 236
18 12 4 346
18 12 5 341
18 12 6 335
13 13 1 350
13 13 2 363
13 13 3 357
13 13 4 350
13 13 5 363
13 13 6 357
13 14 1 351
13 14 2 367
13 14 3 362
13 14 4 356
13 14 5 355
13 14 6 358
13 15 1 352
13 15 2 369
13 15 3 366
13 15 4 361
13 15 5 360
13 15 6 354
13 16 1 353
13 16 2 370
13 16 3 368
13 16 4 365
13 16 5 364
13 16 6 359
13 17 1 354
13 17 2 352
13 17 3 369
13 17 4 366
13 17 5 361
13 17 6 360
13 18 1 355
13 18 2 358
13 18 3 351
13 18 4 367
13 18 5 362
13 18 6 356
14 13 1 356
14 13 2 355
14 13 3 358
14 13 4 351
14 13 5 367
14 13 6 362
14 14 1 357
14 14 2 350
14 14 3 363
14 14 4 357
14 14 5 350
14 14 6 363
14 15 1 358
14 15 2 351
14 15 3 367
14 15 4 362
14 15 5 356
14 15 6 355
14 16 1 354
14 16 2 352
14 16 3 369
14 16 4 366
14 16 5 361
14 16 6 360
14 17 1 359
14 17 2 353
14 17 3 370
14 17 4 368
14 17 5 365
14 17 6 364
14 18 1 360
14 18 2 354
14 18 3 352
14 18 4 369
14 18 5 366
14 18 6 361
15 13 1 361
15 13 2 360
15 13 3 354
15 13 4 352
15 13 5 369
15 13 6 366
15 14 1 362
15 14 2 356
15 14 3 355
15 14 4 358
15 14 5 351
15 14 6 367
15 15 1 363
15 15 2 357
15 15 3 350
15 15 4 363
15 15 5 357
15 15 6 350
15 16 1 355
15 16 2 358
15 16 3 351
15 16 4 367
15 16 5 362
15 16 6 356
15 17 1 360
15 17 2 354
15 17 3 352
15 17 4 369
15 17 5 366
15 17 6 361
15 18 1 364
15 18 2 359
15 18 3 353
15 18 4 370
15 18 5 368
15 18 6 365
16 13 1 365
16 13 2 364
16 13 3 359
16 13 4 353
16 13 5 370
16 13 6 368
16 14 1 366
16 14 2 361
16 14 3 360
16 14 4 354
16 14 5 352
16 14 6 369
16 15 1 367
16 15 2 362
16 15 3 356
16 15 4 355
16 15 5 358
16 15 6 351
16 16 1 350
16 16 2 363
16 16 3 357
16 16 4 350
16 16 5 363
16 16 6 357
16 17 1 356
16 17 2 355
16 17 3 358
16 17 4 351
16 17 5 367
16 17 6 362
16 18 1 361
16 18 2 360
16 18 3 354
16 18 4 352
16 18 5 369
16 18 6 366
17 13 1 366
17 13 2 361
17 13 3 360
17 13 4 354
17 13 5 352
17 13 6 369
17 14 1 368
17 14 2 365
17 14 3 364
17 14 4 359
17 14 5 353
17 14 6 370
17 15 1 369
17 15 2 366
17 15 3 361
17 15 4 360
17 15 5 354
17 15 6 352
17 16 1 351
17 16 2 367
17 16 3 362
17 16 4 356
17 16 5 355
17 16 6 358
17 17 1 357
17 17 2 350
17 17 3 363
17 17 4 357
17 17 5 350
17 17 6 363
17 18 1 362
17 18 2 356
17 18 3 355
17 18 4 358
17 18 5 351
17 18 6 367
18 13 1 367
18 13 2 362
18 13 3 356
18 13 4 355
18 13 5 358
18 13 6 351
18 14 1 369
18 14 2 366
18 14 3 361
18 14 4 360
18 14 5 354
18 14 6 352
18 15 1 370
18 15 2 368
18 15 3 365
18 15 4 364
18 15 5 359
18 15 6 353
18 16 1 352
18 16 2 369
18 16 3 366
18 16 4 361
18 16 5 360
18 16 6 354
18 17 1 358
18 17 2 351
18 17 3 367
18 17 4 362
18 17 5 356
18 17 6 355
18 18 1 363
18 18 2 357
18 18 3 350
18 18 4 363
18 18 5 357
18 18 6 350
13 19 1 371
13 19 2 475
13 19 3 470
13 19 4 464
13 19 5 384
13 19 6 378
13 20 1 372
13 20 2 477
13 20 3 474
13 20 4 469
13 20 5 468
13 20 6 379
13 21 1 373
13 21 2 478
13 21 3 476
13 21 4 473
13 21 5 472
13 21 6 467
13 22 1 374
13 22 2 391
13 22 3 389
13 22 4 386
13 22 5 385
13 22 6 380
13 23 1 375
13 23 2 466
13 23 3 390
13 23 4 387
13 23 5 382
13 23 6 381
13 24 1 376
13 24 2 471
13 24 3 465
13 24 4 388
13 24 5 383
13 24 6 377
14 19 1 377
14 19 2 376
14 19 3 471
14 19 4 465
14 19 5 388
14 19 6 383
14 20 1 378
14 20 2 371
14 20 3 475
14 20 4 470
14 20 5 464
14 20 6 384
14 21 1 379
14 21 2 372
14 21 3 477
14 21 4 474
14 21 5 469
14 21 6 468
14 22 1 467
14 22 2 373
14 22 3 478
14 22 4 476
14 22 5 473
14 22 6 472
14 23 1 380
14 23 2 374
14 23 3 391
14 23 4 389
14 23 5 386
14 23 6 385
14 24 1 381
14 24 2 375
14 24 3 466
14 24 4 390
14 24 5 387
14 24 6 382
15 19 1 382
15 19 2 381
15 19 3 375
15 19 4 466
15 19 5 390
15 19 6 387
15 20 1 383
15 20 2 377
15 20 3 376
15 20 4 471
15 20 5 465
15 20 6 388
15 21 1 384
15 21 2 378
15 21 3 371
15 21 4 475
15 21 5 470
15 21 6 464
15 22 1 468
15 22 2 379
15 22 3 372
15 22 4 477
15 22 5 474
15 22 6 469
15 23 1 472
15 23 2 467
15 23 3 373
15 23 4 478
15 23 5 476
15 23 6 473
15 24 1 385
15 24 2 380
15 24 3 374
15 24 4 391
15 24 5 389
15 24 6 386
16 19 1 386
16 19 2 385
16 19 3 380
16 19 4 374
16 19 5 391
16 19 6 389
16 20 1 387
16 20 2 382
16 20 3 381
16 20 4 375
16 20 5 466
16 20 6 390
16 21 1 388
16 21 2 383
16 21 3 377
16 21 4 376
16 21 5 471
16 21 6 465
16 22 1 464
16 22 2 384
16 22 3 378
16 22 4 371
16 22 5 475
16 22 6 470
16 23 1 469
16 23 2 468
16 23 3 379
16 23 4 372
16 23 5 477
16 23 6 474
16 24 1 473
16 24 2 472
16 24 3 467
16 24 4 373
16 24 5 478
16 24 6 476
17 19 1 476
17 19 2 473
17 19 3 472
17 19 4 467
17 19 5 373
17 19 6 478
17 20 1 389
17 20 2 386
17 20 3 385
17 20 4 380
17 20 5 374
17 20 6 391
17 21 1 390
17 21 2 387
17 21 3 382
17 21 4 381
17 21 5 375
17 21 6 466
17 22 1 465
17 22 2 388
17 22 3 383
17 22 4 377
17 22 5 376
17 22 6 471
17 23 1 470
17 23 2 464
17 23 3 384
17 23 4 378
17 23 5 371
17 23 6 475
17 24 1 474
17 24 2 469
17 24 3 468
17 24 4 379
17 24 5 372
17 24 6 477
18 19 1 477
18 19 2 474
18 19 3 469
18 19 4 468
18 19 5 379
18 19 6 372
18 20 1 478
18 20 2 476
18 20 3 473
18 20 4 472
18 20 5 467
18 20 6 373
18 21 1 391
18 21 2 389
18 21 3 386
18 21 4 385
18 21 5 380
18 21 6 374
18 22 1 466
18 22 2 390
18 22 3 387
18 22 4 382
18 22 5 381
18 22 6 375
18 23 1 471
18 23 2 465
18 23 3 388
18 23 4 383
18 23 5 377
18 23 6 376
18 24 1 475
18 24 2 470
18 24 3 464
18 24 4 384
18 24 5 378
18 24 6 371
13 25 1 392
13 25 2 583
13 25 3 578
13 25 4 572
13 25 5 405
13 25 6 399
13 26 1 393
13 26 2 585
13 26 3 582
13 26 4 577
13 26 5 576
13 26 6 400
13 27 1 394
13 27 2 586
13 27 3 584
13 27 4 581
13 27 5 580
13 27 6 575
13 28 1 395
13 28 2 412
13 28 3 410
13 28 4 407
13 28 5 406
13 28 6 401
13 29 1 396
13 29 2 574
13 29 3 411
13 29 4 408
13 29 5 403
13 29 6 402
13 30 1 397
13 30 2 579
13 30 3 573
13 30 4 409
13 30 5 404
13 30 6 398
14 25 1 398
14 25 2 397
14 25 3 579
14 25 4 573
14 25 5 409
14 25 6 404
14 26 1 399
14 26 2 392
14 26 3 583
14 26 4 578
14 26 5 572
14 26 6 405
14 27 1 400
14 27 2 393
14 27 3 585
14 27 4 582
14 27 5 577
14 27 6 576
14 28 1 575
14 28 2 394
14 28 3 586
14 28 4 584
14 28 5 581
14 28 6 580
14 29 1 401
14 29 2 395
14 29 3 412
14 29 4 410
14 29 5 407
14 29 6 406
14 30 1 402
14 30 2 396
14 30 3 574
14 30 4 411
14 30 5 408
14 30 6 403
15 25 1 403
15 25 2 402
15 25 3 396
15 25 4 574
15 25 5 411
15 25 6 408
15 26 1 404
15 26 2 398
15 26 3 397
15 26 4 579
15 26 5 573
15 26 6 409
15 27 1 405
15 27 2 399
15 27 3 392
15 27 4 583
15 27 5 578
15 27 6 572
15 28 1 576
15 28 2 400
15 28 3 393
15 28 4 585
15 28 5 582
15 28 6 577
15 29 1 580
15 29 2 575
15 29 3 394
15 29 4 586
15 29 5 584
15 29 6 581
15 30 1 406
15 30 2 401
15 30 3 395
15 30 4 412
15 30 5 410
15 30 6 407
16 25 1 407
16 25 2 406
16 25 3 401
16 25 4 395
16 25 5 412
16 25 6 410
16 26 1 408
16 26 2 403
16 26 3 402
16 26 4 396
16 26 5 574
16 26 6 411
16 27 1 409
16 27 2 404
16 27 3 398
16 27 4 397
16 27 5 579
16 27 6 573
16 28 1 572
16 28 2 405
16 28 3 399
16 28 4 392
16 28 5 583
16 28 6 578
16 29 1 577
16 29 2 576
16 29 3 400
16 29 4 393
16 29 5 585
16 29 6 582
16 30 1 581
16 30 2 580
16 30 3 575
16 30 4 394
16 30 5 586
16 30 6 584
17 25 1 584
17 25 2 581
17 25 3 580
17 25 4 575
17 25 5 394
17 25 6 586
17 26 1 410
17 26 2 407
17 26 3 406
17 26 4 401
17 26 5 395
17 26 6 412
17 27 1 411
17 27 2 408
17 27 3 403
17 27 4 402
17 27 5 396
17 27 6 574
17 28 1 573
17 28 2 409
17 28 3 404
17 28 4 398
17 28 5 397
17 28 6 579
17 29 1 578
17 29 2 572
17 29 3 405
17 29 4 399
17 29 5 392
17 29 6 583
17 30 1 582
17 30 2 577
17 30 3 576
17 30 4 400
17 30 5 393
17 30 6 585
18 25 1 585
18 25 2 582
18 25 3 577
18 25 4 576
18 25 5 400
18 25 6 393
18 26 1 586
18 26 2 584
18 26 3 581
18 26 4 580
18 26 5 575
18 26 6 394
18 27 1 412
18 27 2 410
18 27 3 407
18 27 4 406
18 27 5 401
18 27 6 395
18 28 1 574
18 28 2 411
18 28 3 408
18 28 4 403
18 28 5 402
18 28 6 396
18 29 1 579
18 29 2 573
18 29 3 409
18 29 4 404
18 29 5 398
18 29 6 397
18 30 1 583
18 30 2 578
18 30 3 572
18 30 4 405
18 30 5 399
18 30 6 392
13 31 1 413
13 31 2 685
13 31 3 680
13 31 4 674
13 31 5 426
13 31 6 420
13 32 1 414
13 32 2 687
13 32 3 684
13 32 4 679
13 32 5 678
13 32 6 421
13 33 1 415
13 33 2 688
13 33 3 686
13 33 4 683
13 33 5 682
13 33 6 677
13 34 1 416
13 34 2 433
13 34 3 431
13 34 4 428
13 34 5 427
13 34 6 422
13 35 1 417
13 35 2 676
13 35 3 432
13 35 4 429
13 35 5 424
13 35 6 423
13 36 1 418
13 36 2 681
13 36 3 675
13 36 4 430
13 36 5 425
13 36 6 419
14 31 1 419
14 31 2 418
14 31 3 681
14 31 4 675
14 31 5 430
14 31 6 425
14 32 1 420
14 32 2 413
14 32 3 685
14 32 4 680
14 32 5 674
14 32 6 426
14 33 1 421
14 33 2 414
14 33 3 687
14 33 4 684
14 33 5 679
14 33 6 678
14 34 1 677
14 34 2 415
14 34 3 688
14 34 4 686
14 34 5 683
14 34 6 682
14 35 1 422
14 35 2 416
14 35 3 433
14 35 4 431
14 35 5 428
14 35 6 427
14 36 1 423
14 36 2 417
14 36 3 676
14 36 4 432
14 36 5 429
14 36 6 424
15 31 1 424
15 31 2 423
15 31 3 417
15 31 4 676
15 31 5 432
15 31 6 429
15 32 1 425
15 32 2 419
15 32 3 418
15 32 4 681
15 32 5 675
15 32 6 430
15 33 1 426
15 33 2 420
15 33 3 413
15 33 4 685
15 33 5 680
15 33 6 674
15 34 1 678
15 34 2 421
15 34 3 414
15 34 4 687
15 34 5 684
15 34 6 679
15 35 1 682
15 35 2 677
15 35 3 415
15 35 4 688
15 35 5 686
15 35 6 683
15 36 1 427
15 36 2 422
15 36 3 416
15 36 4 433
15 36 5 431
15 36 6 428
16 31 1 428
16 31 2 427
16 31 3 422
16 31 4 416
16 31 5 433
16 31 6 431
16 32 1 429
16 32 2 424
16 32 3 423
16 32 4 417
16 32 5 676
16 32 6 432
16 33 1 430
16 33 2 425
16 33 3 419
16 33 4 418
16 33 5 681
16 33 6 675
16 34 1 674
16 34 2 426
16 34 3 420
16 34 4 413
16 34 5 685
16 34 6 680
16 35 1 679
16 35 2 678
16 35 3 421
16 35 4 414
16 35 5 687
16 35 6 684
16 36 1 683
16 36 2 682
16 36 3 677
16 36 4 415
16 36 5 688
16 36 6 686
17 31 1 686
17 31 2 683
17 31 3 682
17 31 4 677
17 31 5 415
17 31 6 688
17 32 1 431
17 32 2 428
17 32 3 427
17 32 4 422
17 32 5 416
17 32 6 433
17 33 1 432
17 33 2 429
17 33 3 424
17 33 4 423
17 33 5 417
17 33 6 676
17 34 1 675
17 34 2 430
17 34 3 425
17 34 4 419
17 34 5 418
17 34 6 681
17 35 1 680
17 35 2 674
17 35 3 426
17 35 4 420
17 35 5 413
17 35 6 685
17 36 1 684
17 36 2 679
17 36 3 678
17 36 4 421
17 36 5 414
17 36 6 687
18 31 1 687
18 31 2 684
18 31 3 679
18 31 4 678
18 31 5 421
18 31 6 414
18 32 1 688
18 32 2 686
18 32 3 683
18 32 4 682
18 32 5 677
18 32 6 415
18 33 1 433
18 33 2 431
18 33 3 428
18 33 4 427
18 33 5 422
18 33 6 416
18 34 1 676
18 34 2 432
18 34 3 429
18 34 4 424
18 34 5 423
18 34 6 417
18 35 1 681
18 35 2 675
18 35 3 430
18 35 4 425
18 35 5 419
18 35 6 418
18 36 1 685
18 36 2 680
18 36 3 674
18 36 4 426
18 36 5 420
18 36 6 413
19 1 1 434
19 1 2 150
19 1 3 144
19 1 4 137
19 1 5 445
19 1 6 440
19 2 1 435
19 2 2 154
19 2 3 149
19 2 4 143
19 2 5 142
19 2 6 441
19 3 1 436
19 3 2 156
19 3 3 153
19 3 4 148
19 3 5 147
19 3 6 141
19 4 1 140
19 4 2 157
19 4 3 155
19 4 4 152
19 4 5 151
19 4 6 146
19 5 1 437
19 5 2 139
19 5 3 448
19 5 4 446
19 5 5 443
19 5 6 442
19 6 1 438
19 6 2 145
19 6 3 138
19 6 4 447
19 6 5 444
19 6 6 439
20 1 1 439
20 1 2 438
20 1 3 145
20 1 4 138
20 1 5 447
20 1 6 444
20 2 1 440
20 2 2 434
20 2 3 150
20 2 4 144
20 2 5 137
20 2 6 445
20 3 1 441
20 3 2 435
20 3 3 154
20 3 4 149
20 3 5 143
20 3 6 142
20 4 1 141
20 4 2 436
20 4 3 156
20 4 4 153
20 4 5 148
20 4 6 147
20 5 1 146
20 5 2 140
20 5 3 157
20 5 4 155
20 5 5 152
20 5 6 151
20 6 1 442
20 6 2 437
20 6 3 139
20 6 4 448
20 6 5 446
20 6 6 443
21 1 1 443
21 1 2 442
21 1 3 437
21 1 4 139
21 1 5 448
21 1 6 446
21 2 1 444
21 2 2 439
21 2 3 438
21 2 4 145
21 2 5 138
21 2 6 447
21 3 1 445
21 3 2 440
21 3 3 434
21 3 4 150
21 3 5 144
21 3 6 137
21 4 1 142
21 4 2 441
21 4 3 435
21 4 4 154
21 4 5 149
21 4 6 143
21 5 1 147
21 5 2 141
21 5 3 436
21 5 4 156
21 5 5 153
21 5 6 148
21 6 1 151
21 6 2 146
21 6 3 140
21 6 4 157
21 6 5 155
21 6 6 152
22 1 1 152
22 1 2 151
22 1 3 146
22 1 4 140
22 1 5 157
22 1 6 155
22 2 1 446
22 2 2 443
22 2 3 442
22 2 4 437
22 2 5 139
22 2 6 448
22 3 1 447
22 3 2 444
22 3 3 439
22 3 4 438
22 3 5 145
22 3 6 138
22 4 1 137
22 4 2 445
22 4 3 440
22 4 4 434
22 4 5 150
22 4 6 144
22 5 1 143
22 5 2 142
22 5 3 441
22 5 4 435
22 5 5 154
22 5 6 149
22 6 1 148
22 6 2 147
22 6 3 141
22 6 4 436
22 6 5 156
22 6 6 153
23 1 1 153
23 1 2 148
23 1 3 147
23 1 4 141
23 1 5 436
23 1 6 156
23 2 1 155
23 2 2 152
23 2 3 151
23 2 4 146
23 2 5 140
23 2 6 157
23 3 1 448
23 3 2 446
23 3 3 443
23 3 4 442
23 3 5 437
23 3 6 139
23 4 1 138
23 4 2 447
23 4 3 444
23 4 4 439
23 4 5 438
23 4 6 145
23 5 1 144
23 5 2 137
23 5 3 445
23 5 4 440
23 5 5 434
23 5 6 150
23 6 1 149
23 6 2 143
23 6 3 142
23 6 4 441
23 6 5 435
23 6 6 154
24 1 1 154
24 1 2 149
24 1 3 143
24 1 4 142
24 1 5 441
24 1 6 435
24 2 1 156
24 2 2 153
24 2 3 148
24 2 4 147
24 2 5 141
24 2 6 436
24 3 1 157
24 3 2 155
24 3 3 152
24 3 4 151
24 3 5 146
24 3 6 140
24 4 1 139
24 4 2 448
24 4 3 446
24 4 4 443
24 4 5 442
24 4 6 437
24 5 1 145
24 5 2 138
24 5 3 447
24 5 4 444
24 5 5 439
24 5 6 438
24 6 1 150
24 6 2 144
24 6 3 137
24 6 4 445
24 6 5 440
24 6 6 434
19 7 1 449
19 7 2 270
19 7 3 264
19 7 4 257
19 7 5 460
19 7 6 455
19 8 1 450
19 8 2 274
19 8 3 269
19 8 4 263
19 8 5 262
19 8 6 456
19 9 1 451
19 9 2 276
19 9 3 273
19 9 4 268
19 9 5 267
19 9 6 261
19 10 1 260
19 10 2 277
19 10 3 275
19 10 4 272
19 10 5 271
19 10 6 266
19 11 1 452
19 11 2 259
19 11 3 463
19 11 4 461
19 11 5 458
19 11 6 457
19 12 1 453
19 12 2 265
19 12 3 258
19 12 4 462
19 12 5 459
19 12 6 454
20 7 1 454
20 7 2 453
20 7 3 265
20 7 4 258
20 7 5 462
20 7 6 459
20 8 1 455
20 8 2 449
20 8 3 270
20 8 4 264
20 8 5 257
20 8 6 460
20 9 1 456
20 9 2 450
20 9 3 274
20 9 4 269
20 9 5 263
20 9 6 262
20 10 1 261
20 10 2 451
20 10 3 276
20 10 4 273
20 10 5 268
20 10 6 267
20 11 1 266
20 11 2 260
20 11 3 277
20 11 4 275
20 11 5 272
20 11 6 271
20 12 1 457
20 12 2 452
20 12 3 259
20 12 4 463
20 12 5 461
20 12 6 458
21 7 1 458
21 7 2 457
21 7 3 452
21 7 4 259
21 7 5 463
21 7 6 461
21 8 1 459
21 8 2 454
21 8 3 453
21 8 4 265
21 8 5 258
21 8 6 462
21 9 1 460
21 9 2 455
21 9 3 449
21 9 4 270
21 9 5 264
21 9 6 257
21 10 1 262
21 10 2 456
21 10 3 450
21 10 4 274
21 10 5 269
21 10 6 263
21 11 1 267
21 11 2 261
21 11 3 451
21 11 4 276
21 11 5 273
21 11 6 268
21 12 1 271
21 12 2 266
21 12 3 260
21 12 4 277
21 12 5 275
21 12 6 272
22 7 1 272
22 7 2 271
22 7 3 266
22 7 4 260
22 7 5 277
22 7 6 275
22 8 1 461
22 8 2 458
22 8 3 457
22 8 4 452
22 8 5 259
22 8 6 463
22 9 1 462
22 9 2 459
22 9 3 454
22 9 4 453
22 9 5 265
22 9 6 258
22 10 1 257
22 10 2 460
22 10 3 455
22 10 4 449
22 10 5 270
22 10 6 264
22 11 1 263
22 11 2 262
22 11 3 456
22 11 4 450
22 11 5 274
22 11 6 269
22 12 1 268
22 12 2 267
22 12 3 261
22 12 4 451
22 12 5 276
22 12 6 273
23 7 1 273
23 7 2 268
23 7 3 267
23 7 4 261
23 7 5 451
23 7 6 276
23 8 1 275
23 8 2 272
23 8 3 271
23 8 4 266
23 8 5 260
23 8 6 277
23 9 1 463
23 9 2 461
23 9 3 458
23 9 4 457
23 9 5 452
23 9 6 259
23 10 1 258
23 10 2 462
23 10 3 459
23 10 4 454
23 10 5 453
23 10 6 265
23 11 1 264
23 11 2 257
23 11 3 460
23 11 4 455
23 11 5 449
23 11 6 270
23 12 1 269
23 12 2 263
23 12 3 262
23 12 4 456
23 12 5 450
23 12 6 274
24 7 1 274
24 7 2 269
24 7 3 263
24 7 4 262
24 7 5 456
24 7 6 450
24 8 1 276
24 8 2 273
24 8 3 268
24 8 4 267
24 8 5 261
24 8 6 451
24 9 1 277
24 9 2 275
24 9 3 272
24 9 4 271
24 9 5 266
24 9 6 260
24 10 1 259
24 10 2 463
24 10 3 461
24 10 4 458
24 10 5 457
24 10 6 452
24 11 1 265
24 11 2 258
24 11 3 462
24 11 4 459
24 11 5 454
24 11 6 453
24 12 1 270
24 12 2 264
24 12 3 257
24 12 4 460
24 12 5 455
24 12 6 449
19 13 1 464
19 13 2 384
19 13 3 378
19 13 4 371
19 13 5 475
19 13 6 470
19 14 1 465
19 14 2 388
19 14 3 383
19 14 4 377
19 14 5 376
19 14 6 471
19 15 1 466
19 15 2 390
19 15 3 387
19 15 4 382
19 15 5 381
19 15 6 375
19 16 1 374
19 16 2 391
19 16 3 389
19 16 4 386
19 16 5 385
19 16 6 380
19 17 1 467
19 17 2 373
19 17 3 478
19 17 4 476
19 17 5 473
19 17 6 472
19 18 1 468
19 18 2 379
19 18 3 372
19 18 4 477
19 18 5 474
19 18 6 469
20 13 1 469
20 13 2 468
20 13 3 379
20 13 4 372
20 13 5 477
20 13 6 474
20 14 1 470
20 14 2 464
20 14 3 384
20 14 4 378
20 14 5 371
20 14 6 475
20 15 1 471
20 15 2 465
20 15 3 388
20 15 4 383
20 15 5 377
20 15 6 376
20 16 1 375
20 16 2 466
20 16 3 390
20 16 4 387
20 16 5 382
20 16 6 381
20 17 1 380
20 17 2 374
20 17 3 391
20 17 4 389
20 17 5 386
20 17 6 385
20 18 1 472
20 18 2 467
20 18 3 373
20 18 4 478
20 18 5 476
20 18 6 473
21 13 1 473
21 13 2 472
21 13 3 467
21 13 4 373
21 13 5 478
21 13 6 476
21 14 1 474
21 14 2 469
21 14 3 468
21 14 4 379
21 14 5 372
21 14 6 477
21 15 1 475
21 15 2 470
21 15 3 464
21 15 4 384
21 15 5 378
21 15 6 371
21 16 1 376
21 16 2 471
21 16 3 465
21 16 4 388
21 16 5 383
21 16 6 377
21 17 1 381
21 17 2 375
21 17 3 466
21 17 4 390
21 17 5 387
21 17 6 382
21 18 1 385
21 18 2 380
21 18 3 374
21 18 4 391
21 18 5 389
21 18 6 386
22 13 1 386
22 13 2 385
22 13 3 380
22 13 4 374
22 13 5 391
22 13 6 389
22 14 1 476
22 14 2 473
22 14 3 472
22 14 4 467
22 14 5 373
22 14 6 478
22 15 1 477
22 15 2 474
22 15 3 469
22 15 4 468
22 15 5 379
22 15 6 372
22 16 1 371
22 16 2 475
22 16 3 470
22 16 4 464
22 16 5 384
22 16 6 378
22 17 1 377
22 17 2 376
22 17 3 471
22 17 4 465
22 17 5 388
22 17 6 383
22 18 1 382
22 18 2 381
22 18 3 375
22 18 4 466
22 18 5 390
22 18 6 387
23 13 1 387
23 13 2 382
23 13 3 381
23 13 4 375
23 13 5 466
23 13 6 390
23 14 1 389
23 14 2 386
23 14 3 385
23 14 4 380
23 14 5 374
23 14 6 391
23 15 1 478
23 15 2 476
23 15 3 473
23 15 4 472
23 15 5 467
23 15 6 373
23 16 1 372
23 16 2 477
23 16 3 474
23 16 4 469
23 16 5 468
23 16 6 379
23 17 1 378
23 17 2 371
23 17 3 475
23 17 4 470
23 17 5 464
23 17 6 384
23 18 1 383
23 18 2 377
23 18 3 376
23 18 4 471
23 18 5 465
23 18 6 388
24 13 1 388
24 13 2 383
24 13 3 377
24 13 4 376
24 13 5 471
24 13 6 465
24 14 1 390
24 14 2 387
24 14 3 382
24 14 4 381
24 14 5 375
24 14 6 466
24 15 1 391
24 15 2 389
24 15 3 386
24 15 4 385
24 15 5 380
24 15 6 374
24 16 1 373
24 16 2 478
24 16 3 476
24 16 4 473
24 16 5 472
24 16 6 467
24 17 1 379
24 17 2 372
24 17 3 477
24 17 4 474
24 17 5 469
24 17 6 468
24 18 1 384
24 18 2 378
24 18 3 371
24 18 4 475
24 18 5 470
24 18 6 464
19 19 1 479
19 19 2 492
19 19 3 486
19 19 4 479
19 19 5 492
19 19 6 486
19 20 1 480
19 20 2 496
19 20 3 491
19 20 4 485
19 20 5 484
19 20 6 487
19 21 1 481
19 21 2 498
19 21 3 495
19 21 4 490
19 21 5 489
19 21 6 483
19 22 1 482
19 22 2 499
19 22 3 497
19 22 4 494
19 22 5 493
19 22 6 488
19 23 1 483
19 23 2 481
19 23 3 498
19 23 4 495
19 23 5 490
19 23 6 489
19 24 1 484
19 24 2 487
19 24 3 480
19 24 4 496
19 24 5 491
19 24 6 485
20 19 1 485
20 19 2 484
20 19 3 487
20 19 4 480
20 19 5 496
20 19 6 491
20 20 1 486
20 20 2 479
20 20 3 492
20 20 4 486
20 20 5 479
20 20 6 492
20 21 1 487
20 21 2 480
20 21 3 496
20 21 4 491
20 21 5 485
20 21 6 484
20 22 1 483
20 22 2 481
20 22 3 498
20 22 4 495
20 22 5 490
20 22 6 489
20 23 1 488
20 23 2 482
20 23 3 499
20 23 4 497
20 23 5 494
20 23 6 493
20 24 1 489
20 24 2 483
20 24 3 481
20 24 4 498
20 24 5 495
20 24 6 490
21 19 1 490
21 19 2 489
21 19 3 483
21 19 4 481
21 19 5 498
21 19 6 495
21 20 1 491
21 20 2 485
21 20 3 484
21 20 4 487
21 20 5 480
21 20 6 496
21 21 1 492
21 21 2 486
21 21 3 479
21 21 4 492
21 21 5 486
21 21 6 479
21 22 1 484
21 22 2 487
21 22 3 480
21 22 4 496
21 22 5 491
21 22 6 485
21 23 1 489
21 23 2 483
21 23 3 481
21 23 4 498
21 23 5 495
21 23 6 490
21 24 1 493
21 24 2 488
21 24 3 482
21 24 4 499
21 24 5 497
21 24 6 494
22 19 1 494
22 19 2 493
22 19 3 488
22 19 4 482
22 19 5 499
22 19 6 497
22 20 1 495
22 20 2 490
22 20 3 489
22 20 4 483
22 20 5 481
22 20 6 498
22 21 1 496
22 21 2 491
22 21 3 485
22 21 4 484
22 21 5 487
22 21 6 480
22 22 1 479
22 22 2 492
22 22 3 486
22 22 4 479
22 22 5 492
22 22 6 486
22 23 1 485
22 23 2 484
22 23 3 487
22 23 4 480
22 23 5 496
22 23 6 491
22 24 1 490
22 24 2 489
22 24 3 483
22 24 4 481
22 24 5 498
22 24 6 495
23 19 1 495
23 19 2 490
23 19 3 489
23 19 4 483
23 19 5 481
23 19 6 498
23 20 1 497
23 20 2 494
23 20 3 493
23 20 4 488
23 20 5 482
23 20 6 499
23 21 1 498
23 21 2 495
23 21 3 490
23 21 4 489
23 21 5 483
23 21 6 481
23 22 1 480
23 22 2 496
23 22 3 491
23 22 4 485
23 22 5 484
23 22 6 487
23 23 1 486
23 23 2 479
23 23 3 492
23 23 4 486
23 23 5 479
23 23 6 492
23 24 1 491
23 24 2 485
23 24 3 484
23 24 4 487
23 24 5 480
23 24 6 496
24 19 1 496
24 19 2 491
24 19 3 485
24 19 4 484
24 19 5 487
24 19 6 480
24 20 1 498
24 20 2 495
24 20 3 490
24 20 4 489
24 20 5 483
24 20 6 481
24 21 1 499
24 21 2 497
24 21 3 494
24 21 4 493
24 21 5 488
24 21 6 482
24 22 1 481
24 22 2 498
24 22 3 495
24 22 4 490
24 22 5 489
24 22 6 483
24 23 1 487
24 23 2 480
24 23 3 496
24 23 4 491
24 23 5 485
24 23 6 484
24 24 1 492
24 24 2 486
24 24 3 479
24 24 4 492
24 24 5 486
24 24 6 479
19 25 1 500
19 25 2 598
19 25 3 593
19 25 4 587
19 25 5 513
19 25 6 507
19 26 1 501
19 26 2 600
19 26 3 597
19 26 4 592
19 26 5 591
19 26 6 508
19 27 1 502
19 27 2 601
19 27 3 599
19 27 4 596
19 27 5 595
19 27 6 590
19 28 1 503
19 28 2 520
19 28 3 518
19 28 4 515
19 28 5 514
19 28 6 509
19 29 1 504
19 29 2 589
19 29 3 519
19 29 4 516
19 29 5 511
19 29 6 510
19 30 1 505
19 30 2 594
19 30 3 588
19 30 4 517
19 30 5 512
19 30 6 506
20 25 1 506
20 25 2 505
20 25 3 594
20 25 4 588
20 25 5 517
20 25 6 512
20 26 1 507
20 26 2 500
20 26 3 598
20 26 4 593
20 26 5 587
20 26 6 513
20 27 1 508
20 27 2 501
20 27 3 600
20 27 4 597
20 27 5 592
20 27 6 591
20 28 1 590
20 28 2 502
20 28 3 601
20 28 4 599
20 28 5 596
20 28 6 595
20 29 1 509
20 29 2 503
20 29 3 520
20 29 4 518
20 29 5 515
20 29 6 514
20 30 1 510
20 30 2 504
20 30 3 589
20 30 4 519
20 30 5 516
20 30 6 511
21 25 1 511
21 25 2 510
21 25 3 504
21 25 4 589
21 25 5 519
21 25 6 516
21 26 1 512
21 26 2 506
21 26 3 505
21 26 4 594
21 26 5 588
21 26 6 517
21 27 1 513
21 27 2 507
21 27 3 500
21 27 4 598
21 27 5 593
21 27 6 587
21 28 1 591
21 28 2 508
21 28 3 501
21 28 4 600
21 28 5 597
21 28 6 592
21 29 1 595
21 29 2 590
21 29 3 502
21 29 4 601
21 29 5 599
21 29 6 596
21 30 1 514
21 30 2 509
21 30 3 503
21 30 4 520
21 30 5 518
21 30 6 515
22 25 1 515
22 25 2 514
22 25 3 509
22 25 4 503
22 25 5 520
22 25 6 518
22 26 1 516
22 26 2 511
22 26 3 510
22 26 4 504
22 26 5 589
22 26 6 519
22 27 1 517
22 27 2 512
22 27 3 506
22 27 4 505
22 27 5 594
22 27 6 588
22 28 1 587
22 28 2 513
22 28 3 507
22 28 4 500
22 28 5 598
22 28 6 593
22 29 1 592
22 29 2 591
22 29 3 508
22 29 4 501
22 29 5 600
22 29 6 597
22 30 1 596
22 30 2 595
22 30 3 590
22 30 4 502
22 30 5 601
22 30 6 599
23 25 1 599
23 25 2 596
23 25 3 595
23 25 4 590
23 25 5 502
23 25 6 601
23 26 1 518
23 26 2 515
23 26 3 514
23 26 4 509
23 26 5 503
23 26 6 520
23 27 1 519
23 27 2 516
23 27 3 511
23 27 4 510
23 27 5 504
23 27 6 589
23 28 1 588
23 28 2 517
23 28 3 512
23 28 4 506
23 28 5 505
23 28 6 594
23 29 1 593
23 29 2 587
23 29 3 513
23 29 4 507
23 29 5 500
23 29 6 598
23 30 1 597
23 30 2 592
23 30 3 591
23 30 4 508
23 30 5 501
23 30 6 600
24 25 1 600
24 25 2 597
24 25 3 592
24 25 4 591
24 25 5 508
24 25 6 501
24 26 1 601
24 26 2 599
24 26 3 596
24 26 4 595
24 26 5 590
24 26 6 502
24 27 1 520
24 27 2 518
24 27 3 515
24 27 4 514
24 27 5 509
24 27 6 503
24 28 1 589
24 28 2 519
24 28 3 516
24 28 4 511
24 28 5 510
24 28 6 504
24 29 1 594
24 29 2 588
24 29 3 517
24 29 4 512
24 29 5 506
24 29 6 505
24 30 1 598
24 30 2 593
24 30 3 587
24 30 4 513
24 30 5 507
24 30 6 500
19 31 1 521
19 31 2 700
19 31 3 695
19 31 4 689
19 31 5 534
19 31 6 528
19 32 1 522
19 32 2 702
19 32 3 699
19 32 4 694
19 32 5 693
19 32 6 529
19 33 1 523
19 33 2 703
19 33 3 701
19 33 4 698
19 33 5 697
19 33 6 692
19 34 1 524
19 34 2 541
19 34 3 539
19 34 4 536
19 34 5 535
19 34 6 530
19 35 1 525
19 35 2 691
19 35 3 540
19 35 4 537
19 35 5 532
19 35 6 531
19 36 1 526
19 36 2 696
19 36 3 690
19 36 4 538
19 36 5 533
19 36 6 527
20 31 1 527
20 31 2 526
20 31 3 696
20 31 4 690
20 31 5 538
20 31 6 533
20 32 1 528
20 32 2 521
20 32 3 700
20 32 4 695
20 32 5 689
20 32 6 534
20 33 1 529
20 33 2 522
20 33 3 702
20 33 4 699
20 33 5 694
20 33 6 693
20 34 1 692
20 34 2 523
20 34 3 703
20 34 4 701
20 34 5 698
20 34 6 697
20 35 1 530
20 35 2 524
20 35 3 541
20 35 4 539
20 35 5 536
20 35 6 535
20 36 1 531
20 36 2 525
20 36 3 691
20 36 4 540
20 36 5 537
20 36 6 532
21 31 1 532
21 31 2 531
21 31 3 525
21 31 4 691
21 31 5 540
21 31 6 537
21 32 1 533
21 32 2 527
21 32 3 526
21 32 4 696
21 32 5 690
21 32 6 538
21 33 1 534
21 33 2 528
21 33 3 521
21 33 4 700
21 33 5 695
21 33 6 689
21 34 1 693
21 34 2 529
21 34 3 522
21 34 4 702
21 34 5 699
21 34 6 694
21 35 1 697
21 35 2 692
21 35 3 523
21 35 4 703
21 35 5 701
21 35 6 698
21 36 1 535
21 36 2 530
21 36 3 524
21 36 4 541
21 36 5 539
21 36 6 536
22 31 1 536
22 31 2 535
22 31 3 530
22 31 4 524
22 31 5 541
22 31 6 539
22 32 1 537
22 32 2 532
22 32 3 531
22 32 4 525
22 32 5 691
22 32 6 540
22 33 1 538
22 33 2 533
22 33 3 527
22 33 4 526
22 33 5 696
22 33 6 690
22 34 1 689
22 34 2 534
22 34 3 528
22 34 4 521
22 34 5 700
22 34 6 695
22 35 1 694
22 35 2 693
22 35 3 529
22 35 4 522
22 35 5 702
22 35 6 699
22 36 1 698
22 36 2 697
22 36 3 692
22 36 4 523
22 36 5 703
22 36 6 701
23 31 1 701
23 31 2 698
23 31 3 697
23 31 4 692
23 31 5 523
23 31 6 703
23 32 1 539
23 32 2 536
23 32 3 535
23 32 4 530
23 32 5 524
23 32 6 541
23 33 1 540
23 33 2 537
23 33 3 532
23 33 4 531
23 33 5 525
23 33 6 691
23 34 1 690
23 34 2 538
23 34 3 533
23 34 4 527
23 34 5 526
23 34 6 696
23 35 1 695
23 35 2 689
23 35 3 534
23 35 4 528
23 35 5 521
23 35 6 700
23 36 1 699
23 36 2 694
23 36 3 693
23 36 4 529
23 36 5 522
23 36 6 702
24 31 1 702
24 31 2 699
24 31 3 694
24 31 4 693
24 31 5 529
24 31 6 522
24 32 1 703
24 32 2 701
24 32 3 698
24 32 4 697
24 32 5 692
24 32 6 523
24 33 1 541
24 33 2 539
24 33 3 536
24 33 4 535
24 33 5 530
24 33 6 524
24 34 1 691
24 34 2 540
24 34 3 537
24 34 4 532
24 34 5 531
24 34 6 525
24 35 1 696
24 35 2 690
24 35 3 538
24 35 4 533
24 35 5 527
24 35 6 526
24 36 1 700
24 36 2 695
24 36 3 689
24 36 4 534
24 36 5 528
24 36 6 521
25 1 1 542
25 1 2 171
25 1 3 165
25 1 4 158
25 1 5 553
25 1 6 548
25 2 1 543
25 2 2 175
25 2 3 170
25 2 4 164
25 2 5 163
25 2 6 549
25 3 1 544
25 3 2 177
25 3 3 174
25 3 4 169
25 3 5 168
25 3 6 162
25 4 1 161
25 4 2 178
25 4 3 176
25 4 4 173
25 4 5 172
25 4 6 167
25 5 1 545
25 5 2 160
25 5 3 556
25 5 4 554
25 5 5 551
25 5 6 550
25 6 1 546
25 6 2 166
25 6 3 159
25 6 4 555
25 6 5 552
25 6 6 547
26 1 1 547
26 1 2 546
26 1 3 166
26 1 4 159
26 1 5 555
26 1 6 552
26 2 1 548
26 2 2 542
26 2 3 171
26 2 4 165
26 2 5 158
26 2 6 553
26 3 1 549
26 3 2 543
26 3 3 175
26 3 4 170
26 3 5 164
26 3 6 163
26 4 1 162
26 4 2 544
26 4 3 177
26 4 4 174
26 4 5 169
26 4 6 168
26 5 1 167
26 5 2 161
26 5 3 178
26 5 4 176
26 5 5 173
26 5 6 172
26 6 1 550
26 6 2 545
26 6 3 160
26 6 4 556
26 6 5 554
26 6 6 551
27 1 1 551
27 1 2 550
27 1 3 545
27 1 4 160
27 1 5 556
27 1 6 554
27 2 1 552
27 2 2 547
27 2 3 546
27 2 4 166
27 2 5 159
27 2 6 555
27 3 1 553
27 3 2 548
27 3 3 542
27 3 4 171
27 3 5 165
27 3 6 158
27 4 1 163
27 4 2 549
27 4 3 543
27 4 4 175
27 4 5 170
27 4 6 164
27 5 1 168
27 5 2 162
27 5 3 544
27 5 4 177
27 5 5 174
27 5 6 169
27 6 1 172
27 6 2 167
27 6 3 161
27 6 4 178
27 6 5 176
27 6 6 173
28 1 1 173
28 1 2 172
28 1 3 167
28 1 4 161
28 1 5 178
28 1 6 176
28 2 1 554
28 2 2 551
28 2 3 550
28 2 4 545
28 2 5 160
28 2 6 556
28 3 1 555
28 3 2 552
28 3 3 547
28 3 4 546
28 3 5 166
28 3 6 159
28 4 1 158
28 4 2 553
28 4 3 548
28 4 4 542
28 4 5 171
28 4 6 165
28 5 1 164
28 5 2 163
28 5 3 549
28 5 4 543
28 5 5 175
28 5 6 170
28 6 1 169
28 6 2 168
28 6 3 162
28 6 4 544
28 6 5 177
28 6 6 174
29 1 1 174
29 1 2 169
29 1 3 168
29 1 4 162
29 1 5 544
29 1 6 177
29 2 1 176
29 2 2 173
29 2 3 172
29 2 4 167
29 2 5 161
29 2 6 178
29 3 1 556
29 3 2 554
29 3 3 551
29 3 4 550
29 3 5 545
29 3 6 160
29 4 1 159
29 4 2 555
29 4 3 552
29 4 4 547
29 4 5 546
29 4 6 166
29 5 1 165
29 5 2 158
29 5 3 553
29 5 4 548
29 5 5 542
29 5 6 171
29 6 1 170
29 6 2 164
29 6 3 163
29 6 4 549
29 6 5 543
29 6 6 175
30 1 1 175
30 1 2 170
30 1 3 164
30 1 4 163
30 1 5 549
30 1 6 543
30 2 1 177
30 2 2 174
30 2 3 169
30 2 4 168
30 2 5 162
30 2 6 544
30 3 1 178
30 3 2 176
30 3 3 173
30 3 4 172
30 3 5 167
30 3 6 161
30 4 1 160
30 4 2 556
30 4 3 554
30 4 4 551
30 4 5 550
30 4 6 545
30 5 1 166
30 5 2 159
30 5 3 555
30 5 4 552
30 5 5 547
30 5 6 546
30 6 1 171
30 6 2 165
30 6 3 158
30 6 4 553
30 6 5 548
30 6 6 542
25 7 1 557
25 7 2 291
25 7 3 285
25 7 4 278
25 7 5 568
25 7 6 563
25 8 1 558
25 8 2 295
25 8 3 290
25 8 4 284
25 8 5 283
25 8 6 564
25 9 1 559
25 9 2 297
25 9 3 294
25 9 4 289
25 9 5 288
25 9 6 282
25 10 1 281
25 10 2 298
25 10 3 296
25 10 4 293
25 10 5 292
25 10 6 287
25 11 1 560
25 11 2 280
25 11 3 571
25 11 4 569
25 11 5 566
25 11 6 565
25 12 1 561
25 12 2 286
25 12 3 279
25 12 4 570
25 12 5 567
25 12 6 562
26 7 1 562
26 7 2 561
26 7 3 286
26 7 4 279
26 7 5 570
26 7 6 567
26 8 1 563
26 8 2 557
26 8 3 291
26 8 4 285
26 8 5 278
26 8 6 568
26 9 1 564
26 9 2 558
26 9 3 295
26 9 4 290
26 9 5 284
26 9 6 283
26 10 1 282
26 10 2 559
26 10 3 297
26 10 4 294
26 10 5 289
26 10 6 288
26 11 1 287
26 11 2 281
26 11 3 298
26 11 4 296
26 11 5 293
26 11 6 292
26 12 1 565
26 12 2 560
26 12 3 280
26 12 4 571
26 12 5 569
26 12 6 566
27 7 1 566
27 7 2 565
27 7 3 560
27 7 4 280
27 7 5 571
27 7 6 569
27 8 1 567
27 8 2 562
27 8 3 561
27 8 4 286
27 8 5 279
27 8 6 570
27 9 1 568
27 9 2 563
27 9 3 557
27 9 4 291
27 9 5 285
27 9 6 278
27 10 1 283
27 10 2 564
27 10 3 558
27 10 4 295
27 10 5 290
27 10 6 284
27 11 1 288
27 11 2 282
27 11 3 559
27 11 4 297
27 11 5 294
27 11 6 289
27 12 1 292
27 12 2 287
27 12 3 281
27 12 4 298
27 12 5 296
27 12 6 293
28 7 1 293
28 7 2 292
28 7 3 287
28 7 4 281
28 7 5 298
28 7 6 296
28 8 1 569
28 8 2 566
28 8 3 565
28 8 4 560
28 8 5 280
28 8 6 571
28 9 1 570
28 9 2 567
28 9 3 562
28 9 4 561
28 9 5 286
28 9 6 279
28 10 1 278
28 10 2 568
28 10 3 563
28 10 4 557
28 10 5 291
28 10 6 285
28 11 1 284
28 11 2 283
28 11 3 564
28 11 4 558
28 11 5 295
28 11 6 290
28 12 1 289
28 12 2 288
28 12 3 282
28 12 4 559
28 12 5 297
28 12 6 294
29 7 1 294
29 7 2 289
29 7 3 288
29 7 4 282
29 7 5 559
29 7 6 297
29 8 1 296
29 8 2 293
29 8 3 292
29 8 4 287
29 8 5 281
29 8 6 298
29 9 1 571
29 9 2 569
29 9 3 566
29 9 4 565
29 9 5 560
29 9 6 280
29 10 1 279
29 10 2 570
29 10 3 567
29 10 4 562
29 10 5 561
29 10 6 286
29 11 1 285
29 11 2 278
29 11 3 568
29 11 4 563
29 11 5 557
29 11 6 291
29 12 1 290
29 12 2 284
29 12 3 283
29 12 4 564
29 12 5 558
29 12 6 295
30 7 1 295
30 7 2 290
30 7 3 284
30 7 4 283
30 7 5 564
30 7 6 558
30 8 1 297
30 8 2 294
30 8 3 289
30 8 4 288
30 8 5 282
30 8 6 559
30 9 1 298
30 9 2 296
30 9 3 293
30 9 4 292
30 9 5 287
30 9 6 281
30 10 1 280
30 10 2 571
30 10 3 569
30 10 4 566
30 10 5 565
30 10 6 560
30 11 1 286
30 11 2 279
30 11 3 570
30 11 4 567
30 11 5 562
30 11 6 561
30 12 1 291
30 12 2 285
30 12 3 278
30 12 4 568
30 12 5 563
30 12 6 557
25 13 1 572
25 13 2 405
25 13 3 399
25 13 4 392
25 13 5 583
25 13 6 578
25 14 1 573
25 14 2 409
25 14 3 404
25 14 4 398
25 14 5 397
25 14 6 579
25 15 1 574
25 15 2 411
25 15 3 408
25 15 4 403
25 15 5 402
25 15 6 396
25 16 1 395
25 16 2 412
25 16 3 410
25 16 4 407
25 16 5 406
25 16 6 401
25 17 1 575
25 17 2 394
25 17 3 586
25 17 4 584
25 17 5 581
25 17 6 580
25 18 1 576
25 18 2 400
25 18 3 393
25 18 4 585
25 18 5 582
25 18 6 577
26 13 1 577
26 13 2 576
26 13 3 400
26 13 4 393
26 13 5 585
26 13 6 582
26 14 1 578
26 14 2 572
26 14 3 405
26 14 4 399
26 14 5 392
26 14 6 583
26 15 1 579
26 15 2 573
26 15 3 409
26 15 4 404
26 15 5 398
26 15 6 397
26 16 1 396
26 16 2 574
26 16 3 411
26 16 4 408
26 16 5 403
26 16 6 402
26 17 1 401
26 17 2 395
26 17 3 412
26 17 4 410
26 17 5 407
26 17 6 406
26 18 1 580
26 18 2 575
26 18 3 394
26 18 4 586
26 18 5 584
26 18 6 581
27 13 1 581
27 13 2 580
27 13 3 575
27 13 4 394
27 13 5 586
27 13 6 584
27 14 1 582
27 14 2 577
27 14 3 576
27 14 4 400
27 14 5 393
27 14 6 585
27 15 1 583
27 15 2 578
27 15 3 572
27 15 4 405
27 15 5 399
27 15 6 392
27 16 1 397
27 16 2 579
27 16 3 573
27 16 4 409
27 16 5 404
27 16 6 398
27 17 1 402
27 17 2 396
27 17 3 574
27 17 4 411
27 17 5 408
27 17 6 403
27 18 1 406
27 18 2 401
27 18 3 395
27 18 4 412
27 18 5 410
27 18 6 407
28 13 1 407
28 13 2 406
28 13 3 401
28 13 4 395
28 13 5 412
28 13 6 410
28 14 1 584
28 14 2 581
28 14 3 580
28 14 4 575
28 14 5 394
28 14 6 586
28 15 1 585
28 15 2 582
28 15 3 577
28 15 4 576
28 15 5 400
28 15 6 393
28 16 1 392
28 16 2 583
28 16 3 578
28 16 4 572
28 16 5 405
28 16 6 399
28 17 1 398
28 17 2 397
28 17 3 579
28 17 4 573
28 17 5 409
28 17 6 404
28 18 1 403
28 18 2 402
28 18 3 396
28 18 4 574
28 18 5 411
28 18 6 408
29 13 1 408
29 13 2 403
29 13 3 402
29 13 4 396
29 13 5 574
29 13 6 411
29 14 1 410
29 14 2 407
29 14 3 406
29 14 4 401
29 14 5 395
29 14 6 412
29 15 1 586
29 15 2 584
29 15 3 581
29 15 4 580
29 15 5 575
29 15 6 394
29 16 1 393
29 16 2 585
29 16 3 582
29 16 4 577
29 16 5 576
29 16 6 400
29 17 1 399
29 17 2 392
29 17 3 583
29 17 4 578
29 17 5 572
29 17 6 405
29 18 1 404
29 18 2 398
29 18 3 397
29 18 4 579
29 18 5 573
29 18 6 409
30 13 1 409
30 13 2 404
30 13 3 398
30 13 4 397
30 13 5 579
30 13 6 573
30 14 1 411
30 14 2 408
30 14 3 403
30 14 4 402
30 14 5 396
30 14 6 574
30 15 1 412
30 15 2 410
30 15 3 407
30 15 4 406
30 15 5 401
30 15 6 395
30 16 1 394
30 16 2 586
30 16 3 584
30 16 4 581
30 16 5 580
30 16 6 575
30 17 1 400
30 17 2 393
30 17 3 585
30 17 4 582
30 17 5 577
30 17 6 576
30 18 1 405
30 18 2 399
30 18 3 392
30 18 4 583
30 18 5 578
30 18 6 572
25 19 1 587
25 19 2 513
25 19 3 507
25 19 4 500
25 19 5 598
25 19 6 593
25 20 1 588
25 20 2 517
25 20 3 512
25 20 4 506
25 20 5 505
25 20 6 594
25 21 1 589
25 21 2 519
25 21 3 516
25 21 4 511
25 21 5 510
25 21 6 504
25 22 1 503
25 22 2 520
25 22 3 518
25 22 4 515
25 22 5 514
25 22 6 509
25 23 1 590
25 23 2 502
25 23 3 601
25 23 4 599
25 23 5 596
25 23 6 595
25 24 1 591
25 24 2 508
25 24 3 501
25 24 4 600
25 24 5 597
25 24 6 592
26 19 1 592
26 19 2 591
26 19 3 508
26 19 4 501
26 19 5 600
26 19 6 597
26 20 1 593
26 20 2 587
26 20 3 513
26 20 4 507
26 20 5 500
26 20 6 598
26 21 1 594
26 21 2 588
26 21 3 517
26 21 4 512
26 21 5 506
26 21 6 505
26 22 1 504
26 22 2 589
26 22 3 519
26 22 4 516
26 22 5 511
26 22 6 510
26 23 1 509
26 23 2 503
26 23 3 520
26 23 4 518
26 23 5 515
26 23 6 514
26 24 1 595
26 24 2 590
26 24 3 502
26 24 4 601
26 24 5 599
26 24 6 596
27 19 1 596
27 19 2 595
27 19 3 590
27 19 4 502
27 19 5 601
27 19 6 599
27 20 1 597
27 20 2 592
27 20 3 591
27 20 4 508
27 20 5 501
27 20 6 600
27 21 1 598
27 21 2 593
27 21 3 587
27 21 4 513
27 21 5 507
27 21 6 500
27 22 1 505
27 22 2 594
27 22 3 588
27 22 4 517
27 22 5 512
27 22 6 506
27 23 1 510
27 23 2 504
27 23 3 589
27 23 4 519
27 23 5 516
27 23 6 511
27 24 1 514
27 24 2 509
27 24 3 503
27 24 4 520
27 24 5 518
27 24 6 515
28 19 1 515
28 19 2 514
28 19 3 509
28 19 4 503
28 19 5 520
28 19 6 518
28 20 1 599
28 20 2 596
28 20 3 595
28 20 4 590
28 20 5 502
28 20 6 601
28 21 1 600
28 21 2 597
28 21 3 592
28 21 4 591
28 21 5 508
28 21 6 501
28 22 1 500
28 22 2 598
28 22 3 593
28 22 4 587
28 22 5 513
28 22 6 507
28 23 1 506
28 23 2 505
28 23 3 594
28 23 4 588
28 23 5 517
28 23 6 512
28 24 1 511
28 24 2 510
28 24 3 504
28 24 4 589
28 24 5 519
28 24 6 516
29 19 1 516
29 19 2 511
29 19 3 510
29 19 4 504
29 19 5 589
29 19 6 519
29 20 1 518
29 20 2 515
29 20 3 514
29 20 4 509
29 20 5 503
29 20 6 520
29 21 1 601
29 21 2 599
29 21 3 596
29 21 4 595
29 21 5 590
29 21 6 502
29 22 1 501
29 22 2 600
29 22 3 597
29 22 4 592
29 22 5 591
29 22 6 508
29 23 1 507
29 23 2 500
29 23 3 598
29 23 4 593
29 23 5 587
29 23 6 513
29 24 1 512
29 24 2 506
29 24 3 505
29 24 4 594
29 24 5 588
29 24 6 517
30 19 1 517
30 19 2 512
30 19 3 506
30 19 4 505
30 19 5 594
30 19 6 588
30 20 1 519
30 20 2 516
30 20 3 511
30 20 4 510
30 20 5 504
30 20 6 589
30 21 1 520
30 21 2 518
30 21 3 515
30 21 4 514
30 21 5 509
30 21 6 503
30 22 1 502
30 22 2 601
30 22 3 599
30 22 4 596
30 22 5 595
30 22 6 590
30 23 1 508
30 23 2 501
30 23 3 600
30 23 4 597
30 23 5 592
30 23 6 591
30 24 1 513
30 24 2 507
30 24 3 500
30 24 4 598
30 24 5 593
30 24 6 587
25 25 1 602
25 25 2 615
25 25 3 609
25 25 4 602
25 25 5 615
25 25 6 609
25 26 1 603
25 26 2 619
25 26 3 614
25 26 4 608
25 26 5 607
25 26 6 610
25 27 1 604
25 27 2 621
25 27 3 618
25 27 4 613
25 27 5 612
25 27 6 606
25 28 1 605
25 28 2 622
25 28 3 620
25 28 4 617
25 28 5 616
25 28 6 611
25 29 1 606
25 29 2 604
25 29 3 621
25 29 4 618
25 29 5 613
25 29 6 612
25 30 1 607
25 30 2 610
25 30 3 603
25 30 4 619
25 30 5 614
25 30 6 608
26 25 1 608
26 25 2 607
26 25 3 610
26 25 4 603
26 25 5 619
26 25 6 614
26 26 1 609
26 26 2 602
26 26 3 615
26 26 4 609
26 26 5 602
26 26 6 615
26 27 1 610
26 27 2 603
26 27 3 619
26 27 4 614
26 27 5 608
26 27 6 607
26 28 1 606
26 28 2 604
26 28 3 621
26 28 4 618
26 28 5 613
26 28 6 612
26 29 1 611
26 29 2 605
26 29 3 622
26 29 4 620
26 29 5 617
26 29 6 616
26 30 1 612
26 30 2 606
26 30 3 604
26 30 4 621
26 30 5 618
26 30 6 613
27 25 1 613
27 25 2 612
27 25 3 606
27 25 4 604
27 25 5 621
27 25 6 618
27 26 1 614
27 26 2 608
27 26 3 607
27 26 4 610
27 26 5 603
27 26 6 619
27 27 1 615
27 27 2 609
27 27 3 602
27 27 4 615
27 27 5 609
27 27 6 602
27 28 1 607
27 28 2 610
27 28 3 603
27 28 4 619
27 28 5 614
27 28 6 608
27 29 1 612
27 29 2 606
27 29 3 604
27 29 4 621
27 29 5 618
27 29 6 613
27 30 1 616
27 30 2 611
27 30 3 605
27 30 4 622
27 30 5 620
27 30 6 617
28 25 1 617
28 25 2 616
28 25 3 611
28 25 4 605
28 25 5 622
28 25 6 620
28 26 1 618
28 26 2 613
28 26 3 612
28 26 4 606
28 26 5 604
28 26 6 621
28 27 1 619
28 27 2 614
28 27 3 608
28 27 4 607
28 27 5 610
28 27 6 603
28 28 1 602
28 28 2 615
28 28 3 609
28 28 4 602
28 28 5 615
28 28 6 609
28 29 1 608
28 29 2 607
28 29 3 610
28 29 4 603
28 29 5 619
28 29 6 614
28 30 1 613
28 30 2 612
28 30 3 606
28 30 4 604
28 30 5 621
28 30 6 618
29 25 1 618
29 25 2 613
29 25 3 612
29 25 4 606
29 25 5 604
29 25 6 621
29 26 1 620
29 26 2 617
29 26 3 616
29 26 4 611
29 26 5 605
29 26 6 622
29 27 1 621
29 27 2 618
29 27 3 613
29 27 4 612
29 27 5 606
29 27 6 604
29 28 1 603
29 28 2 619
29 28 3 614
29 28 4 608
29 28 5 607
29 28 6 610
29 29 1 609
29 29 2 602
29 29 3 615
29 29 4 609
29 29 5 602
29 29 6 615
29 30 1 614
29 30 2 608
29 30 3 607
29 30 4 610
29 30 5 603
29 30 6 619
30 25 1 619
30 25 2 614
30 25 3 608
30 25 4 607
30 25 5 610
30 25 6 603
30 26 1 621
30 26 2 618
30 26 3 613
30 26 4 612
30 26 5 606
30 26 6 604
30 27 1 622
30 27 2 620
30 27 3 617
30 27 4 616
30 27 5 611
30 27 6 605
30 28 1 604
30 28 2 621
30 28 3 618
30 28 4 613
30 28 5 612
30 28 6 606
30 29 1 610
30 29 2 603
30 29 3 619
30 29 4 614
30 29 5 608
30 29 6 607
30 30 1 615
30 30 2 609
30 30 3 602
30 30 4 615
30 30 5 609
30 30 6 602
25 31 1 623
25 31 2 715
25 31 3 710
25 31 4 704
25 31 5 636
25 31 6 630
25 32 1 624
25 32 2 717
25 32 3 714
25 32 4 709
25 32 5 708
25 32 6 631
25 33 1 625
25 33 2 718
25 33 3 716
25 33 4 713
25 33 5 712
25 33 6 707
25 34 1 626
25 34 2 643
25 34 3 641
25 34 4 638
25 34 5 637
25 34 6 632
25 35 1 627
25 35 2 706
25 35 3 642
25 35 4 639
25 35 5 634
25 35 6 633
25 36 1 628
25 36 2 711
25 36 3 705
25 36 4 640
25 36 5 635
25 36 6 629
26 31 1 629
26 31 2 628
26 31 3 711
26 31 4 705
26 31 5 640
26 31 6 635
26 32 1 630
26 32 2 623
26 32 3 715
26 32 4 710
26 32 5 704
26 32 6 636
26 33 1 631
26 33 2 624
26 33 3 717
26 33 4 714
26 33 5 709
26 33 6 708
26 34 1 707
26 34 2 625
26 34 3 718
26 34 4 716
26 34 5 713
26 34 6 712
26 35 1 632
26 35 2 626
26 35 3 643
26 35 4 641
26 35 5 638
26 35 6 637
26 36 1 633
26 36 2 627
26 36 3 706
26 36 4 642
26 36 5 639
26 36 6 634
27 31 1 634
27 31 2 633
27 31 3 627
27 31 4 706
27 31 5 642
27 31 6 639
27 32 1 635
27 32 2 629
27 32 3 628
27 32 4 711
27 32 5 705
27 32 6 640
27 33 1 636
27 33 2 630
27 33 3 623
27 33 4 715
27 33 5 710
27 33 6 704
27 34 1 708
27 34 2 631
27 34 3 624
27 34 4 717
27 34 5 714
27 34 6 709
27 35 1 712
27 35 2 707
27 35 3 625
27 35 4 718
27 35 5 716
27 35 6 713
27 36 1 637
27 36 2 632
27 36 3 626
27 36 4 643
27 36 5 641
27 36 6 638
28 31 1 638
28 31 2 637
28 31 3 632
28 31 4 626
28 31 5 643
28 31 6 641
28 32 1 639
28 32 2 634
28 32 3 633
28 32 4 627
28 32 5 706
28 32 6 642
28 33 1 640
28 33 2 635
28 33 3 629
28 33 4 628
28 33 5 711
28 33 6 705
28 34 1 704
28 34 2 636
28 34 3 630
28 34 4 623
28 34 5 715
28 34 6 710
28 35 1 709
28 35 2 708
28 35 3 631
28 35 4 624
28 35 5 717
28 35 6 714
28 36 1 713
28 36 2 712
28 36 3 707
28 36 4 625
28 36 5 718
28 36 6 716
29 31 1 716
29 31 2 713
29 31 3 712
29 31 4 707
29 31 5 625
29 31 6 718
29 32 1 641
29 32 2 638
29 32 3 637
29 32 4 632
29 32 5 626
29 32 6 643
29 33 1 642
29 33 2 639
29 33 3 634
29 33 4 633
29 33 5 627
29 33 6 706
29 34 1 705
29 34 2 640
29 34 3 635
29 34 4 629
29 34 5 628
29 34 6 711
29 35 1 710
29 35 2 704
29 35 3 636
29 35 4 630
29 35 5 623
29 35 6 715
29 36 1 714
29 36 2 709
29 36 3 708
29 36 4 631
29 36 5 624
29 36 6 717
30 31 1 717
30 31 2 714
30 31 3 709
30 31 4 708
30 31 5 631
30 31 6 624
30 32 1 718
30 32 2 716
30 32 3 713
30 32 4 712
30 32 5 707
30 32 6 625
30 33 1 643
30 33 2 641
30 33 3 638
30 33 4 637
30 33 5 632
30 33 6 626
30 34 1 706
30 34 2 642
30 34 3 639
30 34 4 634
30 34 5 633
30 34 6 627
30 35 1 711
30 35 2 705
30 35 3 640
30 35 4 635
30 35 5 629
30 35 6 628
30 36 1 715
30 36 2 710
30 36 3 704
30 36 4 636
30 36 5 630
30 36 6 623
31 1 1 644
31 1 2 192
31 1 3 186
31 1 4 179
31 1 5 655
31 1 6 650
31 2 1 645
31 2 2 196
31 2 3 191
31 2 4 185
31 2 5 184
31 2 6 651
31 3 1 646
31 3 2 198
31 3 3 195
31 3 4 190
31 3 5 189
31 3 6 183
31 4 1 182
31 4 2 199
31 4 3 197
31 4 4 194
31 4 5 193
31 4 6 188
31 5 1 647
31 5 2 181
31 5 3 658
31 5 4 656
31 5 5 653
31 5 6 652
31 6 1 648
31 6 2 187
31 6 3 180
31 6 4 657
31 6 5 654
31 6 6 649
32 1 1 649
32 1 2 648
32 1 3 187
32 1 4 180
32 1 5 657
32 1 6 654
32 2 1 650
32 2 2 644
32 2 3 192
32 2 4 186
32 2 5 179
32 2 6 655
32 3 1 651
32 3 2 645
32 3 3 196
32 3 4 191
32 3 5 185
32 3 6 184
32 4 1 183
32 4 2 646
32 4 3 198
32 4 4 195
32 4 5 190
32 4 6 189
32 5 1 188
32 5 2 182
32 5 3 199
32 5 4 197
32 5 5 194
32 5 6 193
32 6 1 652
32 6 2 647
32 6 3 181
32 6 4 658
32 6 5 656
32 6 6 653
33 1 1 653
33 1 2 652
33 1 3 647
33 1 4 181
33 1 5 658
33 1 6 656
33 2 1 654
33 2 2 649
33 2 3 648
33 2 4 187
33 2 5 180
33 2 6 657
33 3 1 655
33 3 2 650
33 3 3 644
33 3 4 192
33 3 5 186
33 3 6 179
33 4 1 184
33 4 2 651
33 4 3 645
33 4 4 196
33 4 5 191
33 4 6 185
33 5 1 189
33 5 2 183
33 5 3 646
33 5 4 198
33 5 5 195
33 5 6 190
33 6 1 193
33 6 2 188
33 6 3 182
33 6 4 199
33 6 5 197
33 6 6 194
34 1 1 194
34 1 2 193
34 1 3 188
34 1 4 182
34 1 5 199
34 1 6 197
34 2 1 656
34 2 2 653
34 2 3 652
34 2 4 647
34 2 5 181
34 2 6 658
34 3 1 657
34 3 2 654
34 3 3 649
34 3 4 648
34 3 5 187
34 3 6 180
34 4 1 179
34 4 2 655
34 4 3 650
34 4 4 644
34 4 5 192
34 4 6 186
34 5 1 185
34 5 2 184
34 5 3 651
34 5 4 645
34 5 5 196
34 5 6 191
34 6 1 190
34 6 2 189
34 6 3 183
34 6 4 646
34 6 5 198
34 6 6 195
35 1 1 195
35 1 2 190
35 1 3 189
35 1 4 183
35 1 5 646
35 1 6 198
35 2 1 197
35 2 2 194
35 2 3 193
35 2 4 188
35 2 5 182
35 2 6 199
35 3 1 658
35 3 2 656
35 3 3 653
35 3 4 652
35 3 5 647
35 3 6 181
35 4 1 180
35 4 2 657
35 4 3 654
35 4 4 649
35 4 5 648
35 4 6 187
35 5 1 186
35 5 2 179
35 5 3 655
35 5 4 650
35 5 5 644
35 5 6 192
35 6 1 191
35 6 2 185
35 6 3 184
35 6 4 651
35 6 5 645
35 6 6 196
36 1 1 196
36 1 2 191
36 1 3 185
36 1 4 184
36 1 5 651
36 1 6 645
36 2 1 198
36 2 2 195
36 2 3 190
36 2 4 189
36 2 5 183
36 2 6 646
36 3 1 199
36 3 2 197
36 3 3 194
36 3 4 193
36 3 5 188
36 3 6 182
36 4 1 181
36 4 2 658
36 4 3 656
36 4 4 653
36 4 5 652
36 4 6 647
36 5 1 187
36 5 2 180
36 5 3 657
36 5 4 654
36 5 5 649
36 5 6 648
36 6 1 192
36 6 2 186
36 6 3 179
36 6 4 655
36 6 5 650
36 6 6 644
31 7 1 659
31 7 2 312
31 7 3 306
31 7 4 299
31 7 5 670
31 7 6 665
31 8 1 660
31 8 2 316
31 8 3 311
31 8 4 305
31 8 5 304
31 8 6 666
31 9 1 661
31 9 2 318
31 9 3 315
31 9 4 310
31 9 5 309
31 9 6 303
31 10 1 302
31 10 2 319
31 10 3 317
31 10 4 314
31 10 5 313
31 10 6 308
31 11 1 662
31 11 2 301
31 11 3 673
31 11 4 671
31 11 5 668
31 11 6 667
31 12 1 663
31 12 2 307
31 12 3 300
31 12 4 672
31 12 5 669
31 12 6 664
32 7 1 664
32 7 2 663
32 7 3 307
32 7 4 300
32 7 5 672
32 7 6 669
32 8 1 665
32 8 2 659
32 8 3 312
32 8 4 306
32 8 5 299
32 8 6 670
32 9 1 666
32 9 2 660
32 9 3 316
32 9 4 311
32 9 5 305
32 9 6 304
32 10 1 303
32 10 2 661
32 10 3 318
32 10 4 315
32 10 5 310
32 10 6 309
32 11 1 308
32 11 2 302
32 11 3 319
32 11 4 317
32 11 5 314
32 11 6 313
32 12 1 667
32 12 2 662
32 12 3 301
32 12 4 673
32 12 5 671
32 12 6 668
33 7 1 668
33 7 2 667
33 7 3 662
33 7 4 301
33 7 5 673
33 7 6 671
33 8 1 669
33 8 2 664
33 8 3 663
33 8 4 307
33 8 5 300
33 8 6 672
33 9 1 670
33 9 2 665
33 9 3 659
33 9 4 312
33 9 5 306
33 9 6 299
33 10 1 304
33 10 2 666
33 10 3 660
33 10 4 316
33 10 5 311
33 10 6 305
33 11 1 309
33 11 2 303
33 11 3 661
33 11 4 318
33 11 5 315
33 11 6 310
33 12 1 313
33 12 2 308
33 12 3 302
33 12 4 319
33 12 5 317
33 12 6 314
34 7 1 314
34 7 2 313
34 7 3 308
34 7 4 302
34 7 5 319
34 7 6 317
34 8 1 671
34 8 2 668
34 8 3 667
34 8 4 662
34 8 5 301
34 8 6 673
34 9 1 672
34 9 2 669
34 9 3 664
34 9 4 663
34 9 5 307
34 9 6 300
34 10 1 299
34 10 2 670
34 10 3 665
34 10 4 659
34 10 5 312
34 10 6 306
34 11 1 305
34 11 2 304
34 11 3 666
34 11 4 660
34 11 5 316
34 11 6 311
34 12 1 310
34 12 2 309
34 12 3 303
34 12 4 661
34 12 5 318
34 12 6 315
35 7 1 315
35 7 2 310
35 7 3 309
35 7 4 303
35 7 5 661
35 7 6 318
35 8 1 317
35 8 2 314
35 8 3 313
35 8 4 308
35 8 5 302
35 8 6 319
35 9 1 673
35 9 2 671
35 9 3 668
35 9 4 667
35 9 5 662
35 9 6 301
35 10 1 300
35 10 2 672
35 10 3 669
35 10 4 664
35 10 5 663
35 10 6 307
35 11 1 306
35 11 2 299
35 11 3 670
35 11 4 665
35 11 5 659
35 11 6 312
35 12 1 311
35 12 2 305
35 12 3 304
35 12 4 666
35 12 5 660
35 12 6 316
36 7 1 316
36 7 2 311
36 7 3 305
36 7 4 304
36 7 5 666
36 7 6 660
36 8 1 318
36 8 2 315
36 8 3 310
36 8 4 309
36 8 5 303
36 8 6 661
36 9 1 319
36 9 2 317
36 9 3 314
36 9 4 313
36 9 5 308
36 9 6 302
36 10 1 301
36 10 2 673
36 10 3 671
36 10 4 668
36 10 5 667
36 10 6 662
36 11 1 307
36 11 2 300
36 11 3 672
36 11 4 669
36 11 5 664
36 11 6 663
36 12 1 312
36 12 2 306
36 12 3 299
36 12 4 670
36 12 5 665
36 12 6 659
31 13 1 674
31 13 2 426
31 13 3 420
31 13 4 413
31 13 5 685
31 13 6 680
31 14 1 675
31 14 2 430
31 14 3 425
31 14 4 419
31 14 5 418
31 14 6 681
31 15 1 676
31 15 2 432
31 15 3 429
31 15 4 424
31 15 5 423
31 15 6 417
31 16 1 416
31 16 2 433
31 16 3 431
31 16 4 428
31 16 5 427
31 16 6 422
31 17 1 677
31 17 2 415
31 17 3 688
31 17 4 686
31 17 5 683
31 17 6 682
31 18 1 678
31 18 2 421
31 18 3 414
31 18 4 687
31 18 5 684
31 18 6 679
32 13 1 679
32 13 2 678
32 13 3 421
32 13 4 414
32 13 5 687
32 13 6 684
32 14 1 680
32 14 2 674
32 14 3 426
32 14 4 420
32 14 5 413
32 14 6 685
32 15 1 681
32 15 2 675
32 15 3 430
32 15 4 425
32 15 5 419
32 15 6 418
32 16 1 417
32 16 2 676
32 16 3 432
32 16 4 429
32 16 5 424
32 16 6 423
32 17 1 422
32 17 2 416
32 17 3 433
32 17 4 431
32 17 5 428
32 17 6 427
32 18 1 682
32 18 2 677
32 18 3 415
32 18 4 688
32 18 5 686
32 18 6 683
33 13 1 683
33 13 2 682
33 13 3 677
33 13 4 415
33 13 5 688
33 13 6 686
33 14 1 684
33 14 2 679
33 14 3 678
33 14 4 421
33 14 5 414
33 14 6 687
33 15 1 685
33 15 2 680
33 15 3 674
33 15 4 426
33 15 5 420
33 15 6 413
33 16 1 418
33 16 2 681
33 16 3 675
33 16 4 430
33 16 5 425
33 16 6 419
33 17 1 423
33 17 2 417
33 17 3 676
33 17 4 432
33 17 5 429
33 17 6 424
33 18 1 427
33 18 2 422
33 18 3 416
33 18 4 433
33 18 5 431
33 18 6 428
34 13 1 428
34 13 2 427
34 13 3 422
34 13 4 416
34 13 5 433
34 13 6 431
34 14 1 686
34 14 2 683
34 14 3 682
34 14 4 677
34 14 5 415
34 14 6 688
34 15 1 687
34 15 2 684
34 15 3 679
34 15 4 678
34 15 5 421
34 15 6 414
34 16 1 413
34 16 2 685
34 16 3 680
34 16 4 674
34 16 5 426
34 16 6 420
34 17 1 419
34 17 2 418
34 17 3 681
34 17 4 675
34 17 5 430
34 17 6 425
34 18 1 424
34 18 2 423
34 18 3 417
34 18 4 676
34 18 5 432
34 18 6 429
35 13 1 429
35 13 2 424
35 13 3 423
35 13 4 417
35 13 5 676
35 13 6 432
35 14 1 431
35 14 2 428
35 14 3 427
35 14 4 422
35 14 5 416
35 14 6 433
35 15 1 688
35 15 2 686
35 15 3 683
35 15 4 682
35 15 5 677
35 15 6 415
35 16 1 414
35 16 2 687
35 16 3 684
35 16 4 679
35 16 5 678
35 16 6 421
35 17 1 420
35 17 2 413
35 17 3 685
35 17 4 680
35 17 5 674
35 17 6 426
35 18 1 425
35 18 2 419
35 18 3 418
35 18 4 681
35 18 5 675
35 18 6 430
36 13 1 430
36 13 2 425
36 13 3 419
36 13 4 418
36 13 5 681
36 13 6 675
36 14 1 432
36 14 2 429
36 14 3 424
36 14 4 423
36 14 5 417
36 14 6 676
36 15 1 433
36 15 2 431
36 15 3 428
36 15 4 427
36 15 5 422
36 15 6 416
36 16 1 415
36 16 2 688
36 16 3 686
36 16 4 683
36 16 5 682
36 16 6 677
36 17 1 421
36 17 2 414
36 17 3 687
36 17 4 684
36 17 5 679
36 17 6 678
36 18 1 426
36 18 2 420
36 18 3 413
36 18 4 685
36 18 5 680
36 18 6 674
31 19 1 689
31 19 2 534
31 19 3 528
31 19 4 521
31 19 5 700
31 19 6 695
31 20 1 690
31 20 2 538
31 20 3 533
31 20 4 527
31 20 5 526
31 20 6 696
31 21 1 691
31 21 2 540
31 21 3 537
31 21 4 532
31 21 5 531
31 21 6 525
31 22 1 524
31 22 2 541
31 22 3 539
31 22 4 536
31 22 5 535
31 22 6 530
31 23 1 692
31 23 2 523
31 23 3 703
31 23 4 701
31 23 5 698
31 23 6 697
31 24 1 693
31 24 2 529
31 24 3 522
31 24 4 702
31 24 5 699
31 24 6 694
32 19 1 694
32 19 2 693
32 19 3 529
32 19 4 522
32 19 5 702
32 19 6 699
32 20 1 695
32 20 2 689
32 20 3 534
32 20 4 528
32 20 5 521
32 20 6 700
32 21 1 696
32 21 2 690
32 21 3 538
32 21 4 533
32 21 5 527
32 21 6 526
32 22 1 525
32 22 2 691
32 22 3 540
32 22 4 537
32 22 5 532
32 22 6 531
32 23 1 530
32 23 2 524
32 23 3 541
32 23 4 539
32 23 5 536
32 23 6 535
32 24 1 697
32 24 2 692
32 24 3 523
32 24 4 703
32 24 5 701
32 24 6 698
33 19 1 698
33 19 2 697
33 19 3 692
33 19 4 523
33 19 5 703
33 19 6 701
33 20 1 699
33 20 2 694
33 20 3 693
33 20 4 529
33 20 5 522
33 20 6 702
33 21 1 700
33 21 2 695
33 21 3 689
33 21 4 534
33 21 5 528
33 21 6 521
33 22 1 526
33 22 2 696
33 22 3 690
33 22 4 538
33 22 5 533
33 22 6 527
33 23 1 531
33 23 2 525
33 23 3 691
33 23 4 540
33 23 5 537
33 23 6 532
33 24 1 535
33 24 2 530
33 24 3 524
33 24 4 541
33 24 5 539
33 24 6 536
34 19 1 536
34 19 2 535
34 19 3 530
34 19 4 524
34 19 5 541
34 19 6 539
34 20 1 701
34 20 2 698
34 20 3 697
34 20 4 692
34 20 5 523
34 20 6 703
34 21 1 702
34 21 2 699
34 21 3 694
34 21 4 693
34 21 5 529
34 21 6 522
34 22 1 521
34 22 2 700
34 22 3 695
34 22 4 689
34 22 5 534
34 22 6 528
34 23 1 527
34 23 2 526
34 23 3 696
34 23 4 690
34 23 5 538
34 23 6 533
34 24 1 532
34 24 2 531
34 24 3 525
34 24 4 691
34 24 5 540
34 24 6 537
35 19 1 537
35 19 2 532
35 19 3 531
35 19 4 525
35 19 5 691
35 19 6 540
35 20 1 539
35 20 2 536
35 20 3 535
35 20 4 530
35 20 5 524
35 20 6 541
35 21 1 703
35 21 2 701
35 21 3 698
35 21 4 697
35 21 5 692
35 21 6 523
35 22 1 522
35 22 2 702
35 22 3 699
35 22 4 694
35 22 5 693
35 22 6 529
35 23 1 528
35 23 2 521
35 23 3 700
35 23 4 695
35 23 5 689
35 23 6 534
35 24 1 533
35 24 2 527
35 24 3 526
35 24 4 696
35 24 5 690
35 24 6 538
36 19 1 538
36 19 2 533
36 19 3 527
36 19 4 526
36 19 5 696
36 19 6 690
36 20 1 540
36 20 2 537
36 20 3 532
36 20 4 531
36 20 5 525
36 20 6 691
36 21 1 541
36 21 2 539
36 21 3 536
36 21 4 535
36 21 5 530
36 21 6 524
36 22 1 523
36 22 2 703
36 22 3 701
36 22 4 698
36 22 5 697
36 22 6 692
36 23 1 529
36 23 2 522
36 23 3 702
36 23 4 699
36 23 5 694
36 23 6 693
36 24 1 534
36 24 2 528
36 24 3 521
36 24 4 700
36 24 5 695
36 24 6 689
31 25 1 704
31 25 2 636
31 25 3 630
31 25 4 623
31 25 5 715
31 25 6 710
31 26 1 705
31 26 2 640
31 26 3 635
31 26 4 629
31 26 5 628
31 26 6 711
31 27 1 706
31 27 2 642
31 27 3 639
31 27 4 634
31 27 5 633
31 27 6 627
31 28 1 626
31 28 2 643
31 28 3 641
31 28 4 638
31 28 5 637
31 28 6 632
31 29 1 707
31 29 2 625
31 29 3 718
31 29 4 716
31 29 5 713
31 29 6 712
31 30 1 708
31 30 2 631
31 30 3 624
31 30 4 717
31 30 5 714
31 30 6 709
32 25 1 709
32 25 2 708
32 25 3 631
32 25 4 624
32 25 5 717
32 25 6 714
32 26 1 710
32 26 2 704
32 26 3 636
32 26 4 630
32 26 5 623
32 26 6 715
32 27 1 711
32 27 2 705
32 27 3 640
32 27 4 635
32 27 5 629
32 27 6 628
32 28 1 627
32 28 2 706
32 28 3 642
32 28 4 639
32 28 5 634
32 28 6 633
32 29 1 632
32 29 2 626
32 29 3 643
32 29 4 641
32 29 5 638
32 29 6 637
32 30 1 712
32 30 2 707
32 30 3 625
32 30 4 718
32 30 5 716
32 30 6 713
33 25 1 713
33 25 2 712
33 25 3 707
33 25 4 625
33 25 5 718
33 25 6 716
33 26 1 714
33 26 2 709
33 26 3 708
33 26 4 631
33 26 5 624
33 26 6 717
33 27 1 715
33 27 2 710
33 27 3 704
33 27 4 636
33 27 5 630
33 27 6 623
33 28 1 628
33 28 2 711
33 28 3 705
33 28 4 640
33 28 5 635
33 28 6 629
33 29 1 633
33 29 2 627
33 29 3 706
33 29 4 642
33 29 5 639
33 29 6 634
33 30 1 637
33 30 2 632
33 30 3 626
33 30 4 643
33 30 5 641
33 30 6 638
34 25 1 638
34 25 2 637
34 25 3 632
34 25 4 626
34 25 5 643
34 25 6 641
34 26 1 716
34 26 2 713
34 26 3 712
34 26 4 707
34 26 5 625
34 26 6 718
34 27 1 717
34 27 2 714
34 27 3 709
34 27 4 708
34 27 5 631
34 27 6 624
34 28 1 623
34 28 2 715
34 28 3 710
34 28 4 704
34 28 5 636
34 28 6 630
34 29 1 629
34 29 2 628
34 29 3 711
34 29 4 705
34 29 5 640
34 29 6 635
34 30 1 634
34 30 2 633
34 30 3 627
34 30 4 706
34 30 5 642
34 30 6 639
35 25 1 639
35 25 2 634
35 25 3 633
35 25 4 627
35 25 5 706
35 25 6 642
35 26 1 641
35 26 2 638
35 26 3 637
35 26 4 632
35 26 5 626
35 26 6 643
35 27 1 718
35 27 2 716
35 27 3 713
35 27 4 712
35 27 5 707
35 27 6 625
35 28 1 624
35 28 2 717
35 28 3 714
35 28 4 709
35 28 5 708
35 28 6 631
35 29 1 630
35 29 2 623
35 29 3 715
35 29 4 710
35 29 5 704
35 29 6 636
35 30 1 635
35 30 2 629
35 30 3 628
35 30 4 711
35 30 5 705
35 30 6 640
36 25 1 640
36 25 2 635
36 25 3 629
36 25 4 628
36 25 5 711
36 25 6 705
36 26 1 642
36 26 2 639
36 26 3 634
36 26 4 633
36 26 5 627
36 26 6 706
36 27 1 643
36 27 2 641
36 27 3 638
36 27 4 637
36 27 5 632
36 27 6 626
36 28 1 625
36 28 2 718
36 28 3 716
36 28 4 713
36 28 5 712
36 28 6 707
36 29 1 631
36 29 2 624
36 29 3 717
36 29 4 714
36 29 5 709
36 29 6 708
36 30 1 636
36 30 2 630
36 30 3 623
36 30 4 715
36 30 5 710
36 30 6 704
31 31 1 719
31 31 2 732
31 31 3 726
31 31 4 719
31 31 5 732
31 31 6 726
31 32 1 720
31 32 2 736
31 32 3 731
31 32 4 725
31 32 5 724
31 32 6 727
31 33 1 721
31 33 2 738
31 33 3 735
31 33 4 730
31 33 5 729
31 33 6 723
31 34 1 722
31 34 2 739
31 34 3 737
31 34 4 734
31 34 5 733
31 34 6 728
31 35 1 723
31 35 2 721
31 35 3 738
31 35 4 735
31 35 5 730
31 35 6 729
31 36 1 724
31 36 2 727
31 36 3 720
31 36 4 736
31 36 5 731
31 36 6 725
32 31 1 725
32 31 2 724
32 31 3 727
32 31 4 720
32 31 5 736
32 31 6 731
32 32 1 726
32 32 2 719
32 32 3 732
32 32 4 726
32 32 5 719
32 32 6 732
32 33 1 727
32 33 2 720
32 33 3 736
32 33 4 731
32 33 5 725
32 33 6 724
32 34 1 723
32 34 2 721
32 34 3 738
32 34 4 735
32 34 5 730
32 34 6 729
32 35 1 728
32 35 2 722
32 35 3 739
32 35 4 737
32 35 5 734
32 35 6 733
32 36 1 729
32 36 2 723
32 36 3 721
32 36 4 738
32 36 5 735
32 36 6 730
33 31 1 730
33 31 2 729
33 31 3 723
33 31 4 721
33 31 5 738
33 31 6 735
33 32 1 731
33 32 2 725
33 32 3 724
33 32 4 727
33 32 5 720
33 32 6 736
33 33 1 732
33 33 2 726
33 33 3 719
33 33 4 732
33 33 5 726
33 33 6 719
33 34 1 724
33 34 2 727
33 34 3 720
33 34 4 736
33 34 5 731
33 34 6 725
33 35 1 729
33 35 2 723
33 35 3 721
33 35 4 738
33 35 5 735
33 35 6 730
33 36 1 733
33 36 2 728
33 36 3 722
33 36 4 739
33 36 5 737
33 36 6 734
34 31 1 734
34 31 2 733
34 31 3 728
34 31 4 722
34 31 5 739
34 31 6 737
34 32 1 735
34 32 2 730
34 32 3 729
34 32 4 723
34 32 5 721
34 32 6 738
34 33 1 736
34 33 2 731
34 33 3 725
34 33 4 724
34 33 5 727
34 33 6 720
34 34 1 719
34 34 2 732
34 34 3 726
34 34 4 719
34 34 5 732
34 34 6 726
34 35 1 725
34 35 2 724
34 35 3 727
34 35 4 720
34 35 5 736
34 35 6 731
34 36 1 730
34 36 2 729
34 36 3 723
34 36 4 721
34 36 5 738
34 36 6 735
35 31 1 735
35 31 2 730
35 31 3 729
35 31 4 723
35 31 5 721
35 31 6 738
35 32 1 737
35 32 2 734
35 32 3 733
35 32 4 728
35 32 5 722
35 32 6 739
35 33 1 738
35 33 2 735
35 33 3 730
35 33 4 729
35 33 5 723
35 33 6 721
35 34 1 720
35 34 2 736
35 34 3 731
35 34 4 725
35 34 5 724
35 34 6 727
35 35 1 726
35 35 2 719
35 35 3 732
35 35 4 726
35 35 5 719
35 35 6 732
35 36 1 731
35 36 2 725
35 36 3 724
35 36 4 727
35 36 5 720
35 36 6 736
36 31 1 736
36 31 2 731
36 31 3 725
36 31 4 724
36 31 5 727
36 31 6 720
36 32 1 738
36 32 2 735
36 32 3 730
36 32 4 729
36 32 5 723
36 32 6 721
36 33 1 739
36 33 2 737
36 33 3 734
36 33 4 733
36 33 5 728
36 33 6 722
36 34 1 721
36 34 2 738
36 34 3 735
36 34 4 730
36 34 5 729
36 34 6 723
36 35 1 727
36 35 2 720
36 35 3 736
36 35 4 731
36 35 5 725
36 35 6 724
36 36 1 732
36 36 2 726
36 36 3 719
36 36 4 732
36 36 5 726
36 36 6 719
#END