0 0 0 0
1 1 0 1
2 2 0 2
3 3 0 3
4 4 0 4
5 5 0 5
6 6 0 6
7 7 0 7
8 8 0 8
9 9 0 9
10 10 0 10
11 11 0 11
12 12 0 12
13 13 0 13
14 14 0 14
15 15 0 15
16 16 0 16
17 17 0 17
18 18 0 18
19 19 0 19
20 20 0 20
21 21 0 21
22 22 0 22
23 23 0 23
24 24 0 24
25 25 0 25
26 26 0 26
27 27 0 27
28 28 0 28
29 29 0 29
30 30 0 30
0 0 1 31
0 0 2 31
0 0 3 31
0 0 4 31
0 0 5 31
0 0 6 31
1 0 1 32
2 0 1 33
3 0 1 34
4 0 1 35
5 0 1 36
6 0 1 37
1 0 2 37
2 0 2 32
3 0 2 33
4 0 2 34
5 0 2 35
6 0 2 36
1 0 3 36
2 0 3 37
3 0 3 32
4 0 3 33
5 0 3 34
6 0 3 35
1 0 4 35
2 0 4 36
3 0 4 37
4 0 4 32
5 0 4 33
6 0 4 34
1 0 5 34
2 0 5 35
3 0 5 36
4 0 5 37
5 0 5 32
6 0 5 33
1 0 6 33
2 0 6 34
3 0 6 35
4 0 6 36
5 0 6 37
6 0 6 32
0 1 1 35
0 2 1 36
0 3 1 37
0 4 1 32
0 5 1 33
0 6 1 34
0 1 2 34
0 2 2 35
0 3 2 36
0 4 2 37
0 5 2 32
0 6 2 33
0 1 3 33
0 2 3 34
0 3 3 35
0 4 3 36
0 5 3 37
0 6 3 32
0 1 4 32
0 2 4 33
0 3 4 34
0 4 4 35
0 5 4 36
0 6 4 37
0 1 5 37
0 2 5 32
0 3 5 33
0 4 5 34
0 5 5 35
0 6 5 36
0 1 6 36
0 2 6 37
0 3 6 32
0 4 6 33
0 5 6 34
0 6 6 35
7 0 1 38
8 0 1 39
9 0 1 40
10 0 1 41
11 0 1 42
12 0 1 43
7 0 2 43
8 0 2 38
9 0 2 39
10 0 2 40
11 0 2 41
12 0 2 42
7 0 3 42
8 0 3 43
9 0 3 38
10 0 3 39
11 0 3 40
12 0 3 41
7 0 4 41
8 0 4 42
9 0 4 43
10 0 4 38
11 0 4 39
12 0 4 40
7 0 5 40
8 0 5 41
9 0 5 42
10 0 5 43
11 0 5 38
12 0 5 39
7 0 6 39
8 0 6 40
9 0 6 41
10 0 6 42
11 0 6 43
12 0 6 38
0 7 1 41
0 8 1 42
0 9 1 43
0 10 1 38
0 11 1 39
0 12 1 40
0 7 2 40
0 8 2 41
0 9 2 42
0 10 2 43
0 11 2 38
0 12 2 39
0 7 3 39
0 8 3 40
0 9 3 41
0 10 3 42
0 11 3 43
0 12 3 38
0 7 4 38
0 8 4 39
0 9 4 40
0 10 4 41
0 11 4 42
0 12 4 43
0 7 5 43
0 8 5 38
0 9 5 39
0 10 5 40
0 11 5 41
0 12 5 42
0 7 6 42
0 8 6 43
0 9 6 38
0 10 6 39
0 11 6 40
0 12 6 41
13 0 1 44
14 0 1 45
15 0 1 46
16 0 1 47
17 0 1 48
18 0 1 49
13 0 2 49
14 0 2 44
15 0 2 45
16 0 2 46
17 0 2 47
18 0 2 48
13 0 3 48
14 0 3 49
15 0 3 44
16 0 3 45
17 0 3 46
18 0 3 47
13 0 4 47
14 0 4 48
15 0 4 49
16 0 4 44
17 0 4 45
18 0 4 46
13 0 5 46
14 0 5 47
15 0 5 48
16 0 5 49
17 0 5 44
18 0 5 45
13 0 6 45
14 0 6 46
15 0 6 47
16 0 6 48
17 0 6 49
18 0 6 44
0 13 1 47
0 14 1 48
0 15 1 49
0 16 1 44
0 17 1 45
0 18 1 46
0 13 2 46
0 14 2 47
0 15 2 48
0 16 2 49
0 17 2 44
0 18 2 45
0 13 3 45
0 14 3 46
0 15 3 47
0 16 3 48
0 17 3 49
0 18 3 44
0 13 4 44
0 14 4 45
0 15 4 46
0 16 4 47
0 17 4 48
0 18 4 49
0 13 5 49
0 14 5 44
0 15 5 45
0 16 5 46
0 17 5 47
0 18 5 48
0 13 6 48
0 14 6 49
0 15 6 44
0 16 6 45
0 17 6 46
0 18 6 47
19 0 1 50
20 0 1 51
21 0 1 52
22 0 1 53
23 0 1 54
24 0 1 55
19 0 2 55
20 0 2 50
21 0 2 51
22 0 2 52
23 0 2 53
24 0 2 54
19 0 3 54
20 0 3 55
21 0 3 50
22 0 3 51
23 0 3 52
24 0 3 53
19 0 4 53
20 0 4 54
21 0 4 55
22 0 4 50
23 0 4 51
24 0 4 52
19 0 5 52
20 0 5 53
21 0 5 54
22 0 5 55
23 0 5 50
24 0 5 51
19 0 6 51
20 0 6 52
21 0 6 53
22 0 6 54
23 0 6 55
24 0 6 50
0 19 1 53
0 20 1 54
0 21 1 55
0 22 1 50
0 23 1 51
0 24 1 52
0 19 2 52
0 20 2 53
0 21 2 54
0 22 2 55
0 23 2 50
0 24 2 51
0 19 3 51
0 20 3 52
0 21 3 53
0 22 3 54
0 23 3 55
0 24 3 50
0 19 4 50
0 20 4 51
0 21 4 52
0 22 4 53
0 23 4 54
0 24 4 55
0 19 5 55
0 20 5 50
0 21 5 51
0 22 5 52
0 23 5 53
0 24 5 54
0 19 6 54
0 20 6 55
0 21 6 50
0 22 6 51
0 23 6 52
0 24 6 53
25 0 1 56
26 0 1 57
27 0 1 58
28 0 1 59
29 0 1 60
30 0 1 61
25 0 2 61
26 0 2 56
27 0 2 57
28 0 2 58
29 0 2 59
30 0 2 60
25 0 3 60
26 0 3 61
27 0 3 56
28 0 3 57
29 0 3 58
30 0 3 59
25 0 4 59
26 0 4 60
27 0 4 61
28 0 4 56
29 0 4 57
30 0 4 58
25 0 5 58
26 0 5 59
27 0 5 60
28 0 5 61
29 0 5 56
30 0 5 57
25 0 6 57
26 0 6 58
27 0 6 59
28 0 6 60
29 0 6 61
30 0 6 56
0 25 1 59
0 26 1 60
0 27 1 61
0 28 1 56
0 29 1 57
0 30 1 58
0 25 2 58
0 26 2 59
0 27 2 60
0 28 2 61
0 29 2 56
0 30 2 57
0 25 3 57
0 26 3 58
0 27 3 59
0 28 3 60
0 29 3 61
0 30 3 56
0 25 4 56
0 26 4 57
0 27 4 58
0 28 4 59
0 29 4 60
0 30 4 61
0 25 5 61
0 26 5 56
0 27 5 57
0 28 5 58
0 29 5 59
0 30 5 60
0 25 6 60
0 26 6 61
0 27 6 56
0 28 6 57
0 29 6 58
0 30 6 59
1 1 1 62
1 1 2 75
1 1 3 69
1 1 4 62
1 1 5 75
1 1 6 69
1 2 1 63
1 2 2 79
1 2 3 74
1 2 4 68
1 2 5 67
1 2 6 70
1 3 1 64
1 3 2 81
1 3 3 78
1 3 4 73
1 3 5 72
1 3 6 66
1 4 1 65
1 4 2 82
1 4 3 80
1 4 4 77
1 4 5 76
1 4 6 71
1 5 1 66
1 5 2 64
1 5 3 81
1 5 4 78
1 5 5 73
1 5 6 72
1 6 1 67
1 6 2 70
1 6 3 63
1 6 4 79
1 6 5 74
1 6 6 68
2 1 1 68
2 1 2 67
2 1 3 70
2 1 4 63
2 1 5 79
2 1 6 74
2 2 1 69
2 2 2 62
2 2 3 75
2 2 4 69
2 2 5 62
2 2 6 75
2 3 1 70
2 3 2 63
2 3 3 79
2 3 4 74
2 3 5 68
2 3 6 67
2 4 1 66
2 4 2 64
2 4 3 81
2 4 4 78
2 4 5 73
2 4 6 72
2 5 1 71
2 5 2 65
2 5 3 82
2 5 4 80
2 5 5 77
2 5 6 76
2 6 1 72
2 6 2 66
2 6 3 64
2 6 4 81
2 6 5 78
2 6 6 73
3 1 1 73
3 1 2 72
3 1 3 66
3 1 4 64
3 1 5 81
3 1 6 78
3 2 1 74
3 2 2 68
3 2 3 67
3 2 4 70
3 2 5 63
3 2 6 79
3 3 1 75
3 3 2 69
3 3 3 62
3 3 4 75
3 3 5 69
3 3 6 62
3 4 1 67
3 4 2 70
3 4 3 63
3 4 4 79
3 4 5 74
3 4 6 68
3 5 1 72
3 5 2 66
3 5 3 64
3 5 4 81
3 5 5 78
3 5 6 73
3 6 1 76
3 6 2 71
3 6 3 65
3 6 4 82
3 6 5 80
3 6 6 77
4 1 1 77
4 1 2 76
4 1 3 71
4 1 4 65
4 1 5 82
4 1 6 80
4 2 1 78
4 2 2 73
4 2 3 72
4 2 4 66
4 2 5 64
4 2 6 81
4 3 1 79
4 3 2 74
4 3 3 68
4 3 4 67
4 3 5 70
4 3 6 63
4 4 1 62
4 4 2 75
4 4 3 69
4 4 4 62
4 4 5 75
4 4 6 69
4 5 1 68
4 5 2 67
4 5 3 70
4 5 4 63
4 5 5 79
4 5 6 74
4 6 1 73
4 6 2 72
4 6 3 66
4 6 4 64
4 6 5 81
4 6 6 78
5 1 1 78
5 1 2 73
5 1 3 72
5 1 4 66
5 1 5 64
5 1 6 81
5 2 1 80
5 2 2 77
5 2 3 76
5 2 4 71
5 2 5 65
5 2 6 82
5 3 1 81
5 3 2 78
5 3 3 73
5 3 4 72
5 3 5 66
5 3 6 64
5 4 1 63
5 4 2 79
5 4 3 74
5 4 4 68
5 4 5 67
5 4 6 70
5 5 1 69
5 5 2 62
5 5 3 75
5 5 4 69
5 5 5 62
5 5 6 75
5 6 1 74
5 6 2 68
5 6 3 67
5 6 4 70
5 6 5 63
5 6 6 79
6 1 1 79
6 1 2 74
6 1 3 68
6 1 4 67
6 1 5 70
6 1 6 63
6 2 1 81
6 2 2 78
6 2 3 73
6 2 4 72
6 2 5 66
6 2 6 64
6 3 1 82
6 3 2 80
6 3 3 77
6 3 4 76
6 3 5 71
6 3 6 65
6 4 1 64
6 4 2 81
6 4 3 78
6 4 4 73
6 4 5 72
6 4 6 66
6 5 1 70
6 5 2 63
6 5 3 79
6 5 4 74
6 5 5 68
6 5 6 67
6 6 1 75
6 6 2 69
6 6 3 62
6 6 4 75
6 6 5 69
6 6 6 62
1 7 1 83
1 7 2 178
1 7 3 173
1 7 4 167
1 7 5 96
1 7 6 90
1 8 1 84
1 8 2 180
1 8 3 177
1 8 4 172
1 8 5 171
1 8 6 91
1 9 1 85
1 9 2 181
1 9 3 179
1 9 4 176
1 9 5 175
1 9 6 170
1 10 1 86
1 10 2 103
1 10 3 101
1 10 4 98
1 10 5 97
1 10 6 92
1 11 1 87
1 11 2 169
1 11 3 102
1 11 4 99
1 11 5 94
1 11 6 93
1 12 1 88
1 12 2 174
1 12 3 168
1 12 4 100
1 12 5 95
1 12 6 89
2 7 1 89
2 7 2 88
2 7 3 174
2 7 4 168
2 7 5 100
2 7 6 95
2 8 1 90
2 8 2 83
2 8 3 178
2 8 4 173
2 8 5 167
2 8 6 96
2 9 1 91
2 9 2 84
2 9 3 180
2 9 4 177
2 9 5 172
2 9 6 171
2 10 1 170
2 10 2 85
2 10 3 181
2 10 4 179
2 10 5 176
2 10 6 175
2 11 1 92
2 11 2 86
2 11 3 103
2 11 4 101
2 11 5 98
2 11 6 97
2 12 1 93
2 12 2 87
2 12 3 169
2 12 4 102
2 12 5 99
2 12 6 94
3 7 1 94
3 7 2 93
3 7 3 87
3 7 4 169
3 7 5 102
3 7 6 99
3 8 1 95
3 8 2 89
3 8 3 88
3 8 4 174
3 8 5 168
3 8 6 100
3 9 1 96
3 9 2 90
3 9 3 83
3 9 4 178
3 9 5 173
3 9 6 167
3 10 1 171
3 10 2 91
3 10 3 84
3 10 4 180
3 10 5 177
3 10 6 172
3 11 1 175
3 11 2 170
3 11 3 85
3 11 4 181
3 11 5 179
3 11 6 176
3 12 1 97
3 12 2 92
3 12 3 86
3 12 4 103
3 12 5 101
3 12 6 98
4 7 1 98
4 7 2 97
4 7 3 92
4 7 4 86
4 7 5 103
4 7 6 101
4 8 1 99
4 8 2 94
4 8 3 93
4 8 4 87
4 8 5 169
4 8 6 102
4 9 1 100
4 9 2 95
4 9 3 89
4 9 4 88
4 9 5 174
4 9 6 168
4 10 1 167
4 10 2 96
4 10 3 90
4 10 4 83
4 10 5 178
4 10 6 173
4 11 1 172
4 11 2 171
4 11 3 91
4 11 4 84
4 11 5 180
4 11 6 177
4 12 1 176
4 12 2 175
4 12 3 170
4 12 4 85
4 12 5 181
4 12 6 179
5 7 1 179
5 7 2 176
5 7 3 175
5 7 4 170
5 7 5 85
5 7 6 181
5 8 1 101
5 8 2 98
5 8 3 97
5 8 4 92
5 8 5 86
5 8 6 103
5 9 1 102
5 9 2 99
5 9 3 94
5 9 4 93
5 9 5 87
5 9 6 169
5 10 1 168
5 10 2 100
5 10 3 95
5 10 4 89
5 10 5 88
5 10 6 174
5 11 1 173
5 11 2 167
5 11 3 96
5 11 4 90
5 11 5 83
5 11 6 178
5 12 1 177
5 12 2 172
5 12 3 171
5 12 4 91
5 12 5 84
5 12 6 180
6 7 1 180
6 7 2 177
6 7 3 172
6 7 4 171
6 7 5 91
6 7 6 84
6 8 1 181
6 8 2 179
6 8 3 176
6 8 4 175
6 8 5 170
6 8 6 85
6 9 1 103
6 9 2 101
6 9 3 98
6 9 4 97
6 9 5 92
6 9 6 86
6 10 1 169
6 10 2 102
6 10 3 99
6 10 4 94
6 10 5 93
6 10 6 87
6 11 1 174
6 11 2 168
6 11 3 100
6 11 4 95
6 11 5 89
6 11 6 88
6 12 1 178
6 12 2 173
6 12 3 167
6 12 4 96
6 12 5 90
6 12 6 83
1 13 1 104
1 13 2 277
1 13 3 272
1 13 4 266
1 13 5 117
1 13 6 111
1 14 1 105
1 14 2 279
1 14 3 276
1 14 4 271
1 14 5 270
1 14 6 112
1 15 1 106
1 15 2 280
1 15 3 278
1 15 4 275
1 15 5 274
1 15 6 269
1 16 1 107
1 16 2 124
1 16 3 122
1 16 4 119
1 16 5 118
1 16 6 113
1 17 1 108
1 17 2 268
1 17 3 123
1 17 4 120
1 17 5 115
1 17 6 114
1 18 1 109
1 18 2 273
1 18 3 267
1 18 4 121
1 18 5 116
1 18 6 110
2 13 1 110
2 13 2 109
2 13 3 273
2 13 4 267
2 13 5 121
2 13 6 116
2 14 1 111
2 14 2 104
2 14 3 277
2 14 4 272
2 14 5 266
2 14 6 117
2 15 1 112
2 15 2 105
2 15 3 279
2 15 4 276
2 15 5 271
2 15 6 270
2 16 1 269
2 16 2 106
2 16 3 280
2 16 4 278
2 16 5 275
2 16 6 274
2 17 1 113
2 17 2 107
2 17 3 124
2 17 4 122
2 17 5 119
2 17 6 118
2 18 1 114
2 18 2 108
2 18 3 268
2 18 4 123
2 18 5 120
2 18 6 115
3 13 1 115
3 13 2 114
3 13 3 108
3 13 4 268
3 13 5 123
3 13 6 120
3 14 1 116
3 14 2 110
3 14 3 109
3 14 4 273
3 14 5 267
3 14 6 121
3 15 1 117
3 15 2 111
3 15 3 104
3 15 4 277
3 15 5 272
3 15 6 266
3 16 1 270
3 16 2 112
3 16 3 105
3 16 4 279
3 16 5 276
3 16 6 271
3 17 1 274
3 17 2 269
3 17 3 106
3 17 4 280
3 17 5 278
3 17 6 275
3 18 1 118
3 18 2 113
3 18 3 107
3 18 4 124
3 18 5 122
3 18 6 119
4 13 1 119
4 13 2 118
4 13 3 113
4 13 4 107
4 13 5 124
4 13 6 122
4 14 1 120
4 14 2 115
4 14 3 114
4 14 4 108
4 14 5 268
4 14 6 123
4 15 1 121
4 15 2 116
4 15 3 110
4 15 4 109
4 15 5 273
4 15 6 267
4 16 1 266
4 16 2 117
4 16 3 111
4 16 4 104
4 16 5 277
4 16 6 272
4 17 1 271
4 17 2 270
4 17 3 112
4 17 4 105
4 17 5 279
4 17 6 276
4 18 1 275
4 18 2 274
4 18 3 269
4 18 4 106
4 18 5 280
4 18 6 278
5 13 1 278
5 13 2 275
5 13 3 274
5 13 4 269
5 13 5 106
5 13 6 280
5 14 1 122
5 14 2 119
5 14 3 118
5 14 4 113
5 14 5 107
5 14 6 124
5 15 1 123
5 15 2 120
5 15 3 115
5 15 4 114
5 15 5 108
5 15 6 268
5 16 1 267
5 16 2 121
5 16 3 116
5 16 4 110
5 16 5 109
5 16 6 273
5 17 1 272
5 17 2 266
5 17 3 117
5 17 4 111
5 17 5 104
5 17 6 277
5 18 1 276
5 18 2 271
5 18 3 270
5 18 4 112
5 18 5 105
5 18 6 279
6 13 1 279
6 13 2 276
6 13 3 271
6 13 4 270
6 13 5 112
6 13 6 105
6 14 1 280
6 14 2 278
6 14 3 275
6 14 4 274
6 14 5 269
6 14 6 106
6 15 1 124
6 15 2 122
6 15 3 119
6 15 4 118
6 15 5 113
6 15 6 107
6 16 1 268
6 16 2 123
6 16 3 120
6 16 4 115
6 16 5 114
6 16 6 108
6 17 1 273
6 17 2 267
6 17 3 121
6 17 4 116
6 17 5 110
6 17 6 109
6 18 1 277
6 18 2 272
6 18 3 266
6 18 4 117
6 18 5 111
6 18 6 104
1 19 1 125
1 19 2 370
1 19 3 365
1 19 4 359
1 19 5 138
1 19 6 132
1 20 1 126
1 20 2 372
1 20 3 369
1 20 4 364
1 20 5 363
1 20 6 133
1 21 1 127
1 21 2 373
1 21 3 371
1 21 4 368
1 21 5 367
1 21 6 362
1 22 1 128
1 22 2 145
1 22 3 143
1 22 4 140
1 22 5 139
1 22 6 134
1 23 1 129
1 23 2 361
1 23 3 144
1 23 4 141
1 23 5 136
1 23 6 135
1 24 1 130
1 24 2 366
1 24 3 360
1 24 4 142
1 24 5 137
1 24 6 131
2 19 1 131
2 19 2 130
2 19 3 366
2 19 4 360
2 19 5 142
2 19 6 137
2 20 1 132
2 20 2 125
2 20 3 370
2 20 4 365
2 20 5 359
2 20 6 138
2 21 1 133
2 21 2 126
2 21 3 372
2 21 4 369
2 21 5 364
2 21 6 363
2 22 1 362
2 22 2 127
2 22 3 373
2 22 4 371
2 22 5 368
2 22 6 367
2 23 1 134
2 23 2 128
2 23 3 145
2 23 4 143
2 23 5 140
2 23 6 139
2 24 1 135
2 24 2 129
2 24 3 361
2 24 4 144
2 24 5 141
2 24 6 136
3 19 1 136
3 19 2 135
3 19 3 129
3 19 4 361
3 19 5 144
3 19 6 141
3 20 1 137
3 20 2 131
3 20 3 130
3 20 4 366
3 20 5 360
3 20 6 142
3 21 1 138
3 21 2 132
3 21 3 125
3 21 4 370
3 21 5 365
3 21 6 359
3 22 1 363
3 22 2 133
3 22 3 126
3 22 4 372
3 22 5 369
3 22 6 364
3 23 1 367
3 23 2 362
3 23 3 127
3 23 4 373
3 23 5 371
3 23 6 368
3 24 1 139
3 24 2 134
3 24 3 128
3 24 4 145
3 24 5 143
3 24 6 140
4 19 1 140
4 19 2 139
4 19 3 134
4 19 4 128
4 19 5 145
4 19 6 143
4 20 1 141
4 20 2 136
4 20 3 135
4 20 4 129
4 20 5 361
4 20 6 144
4 21 1 142
4 21 2 137
4 21 3 131
4 21 4 130
4 21 5 366
4 21 6 360
4 22 1 359
4 22 2 138
4 22 3 132
4 22 4 125
4 22 5 370
4 22 6 365
4 23 1 364
4 23 2 363
4 23 3 133
4 23 4 126
4 23 5 372
4 23 6 369
4 24 1 368
4 24 2 367
4 24 3 362
4 24 4 127
4 24 5 373
4 24 6 371
5 19 1 371
5 19 2 368
5 19 3 367
5 19 4 362
5 19 5 127
5 19 6 373
5 20 1 143
5 20 2 140
5 20 3 139
5 20 4 134
5 20 5 128
5 20 6 145
5 21 1 144
5 21 2 141
5 21 3 136
5 21 4 135
5 21 5 129
5 21 6 361
5 22 1 360
5 22 2 142
5 22 3 137
5 22 4 131
5 22 5 130
5 22 6 366
5 23 1 365
5 23 2 359
5 23 3 138
5 23 4 132
5 23 5 125
5 23 6 370
5 24 1 369
5 24 2 364
5 24 3 363
5 24 4 133
5 24 5 126
5 24 6 372
6 19 1 372
6 19 2 369
6 19 3 364
6 19 4 363
6 19 5 133
6 19 6 126
6 20 1 373
6 20 2 371
6 20 3 368
6 20 4 367
6 20 5 362
6 20 6 127
6 21 1 145
6 21 2 143
6 21 3 140
6 21 4 139
6 21 5 134
6 21 6 128
6 22 1 361
6 22 2 144
6 22 3 141
6 22 4 136
6 22 5 135
6 22 6 129
6 23 1 366
6 23 2 360
6 23 3 142
6 23 4 137
6 23 5 131
6 23 6 130
6 24 1 370
6 24 2 365
6 24 3 359
6 24 4 138
6 24 5 132
6 24 6 125
1 25 1 146
1 25 2 457
1 25 3 452
1 25 4 446
1 25 5 159
1 25 6 153
1 26 1 147
1 26 2 459
1 26 3 456
1 26 4 451
1 26 5 450
1 26 6 154
1 27 1 148
1 27 2 460
1 27 3 458
1 27 4 455
1 27 5 454
1 27 6 449
1 28 1 149
1 28 2 166
1 28 3 164
1 28 4 161
1 28 5 160
1 28 6 155
1 29 1 150
1 29 2 448
1 29 3 165
1 29 4 162
1 29 5 157
1 29 6 156
1 30 1 151
1 30 2 453
1 30 3 447
1 30 4 163
1 30 5 158
1 30 6 152
2 25 1 152
2 25 2 151
2 25 3 453
2 25 4 447
2 25 5 163
2 25 6 158
2 26 1 153
2 26 2 146
2 26 3 457
2 26 4 452
2 26 5 446
2 26 6 159
2 27 1 154
2 27 2 147
2 27 3 459
2 27 4 456
2 27 5 451
2 27 6 450
2 28 1 449
2 28 2 148
2 28 3 460
2 28 4 458
2 28 5 455
2 28 6 454
2 29 1 155
2 29 2 149
2 29 3 166
2 29 4 164
2 29 5 161
2 29 6 160
2 30 1 156
2 30 2 150
2 30 3 448
2 30 4 165
2 30 5 162
2 30 6 157
3 25 1 157
3 25 2 156
3 25 3 150
3 25 4 448
3 25 5 165
3 25 6 162
3 26 1 158
3 26 2 152
3 26 3 151
3 26 4 453
3 26 5 447
3 26 6 163
3 27 1 159
3 27 2 153
3 27 3 146
3 27 4 457
3 27 5 452
3 27 6 446
3 28 1 450
3 28 2 154
3 28 3 147
3 28 4 459
3 28 5 456
3 28 6 451
3 29 1 454
3 29 2 449
3 29 3 148
3 29 4 460
3 29 5 458
3 29 6 455
3 30 1 160
3 30 2 155
3 30 3 149
3 30 4 166
3 30 5 164
3 30 6 161
4 25 1 161
4 25 2 160
4 25 3 155
4 25 4 149
4 25 5 166
4 25 6 164
4 26 1 162
4 26 2 157
4 26 3 156
4 26 4 150
4 26 5 448
4 26 6 165
4 27 1 163
4 27 2 158
4 27 3 152
4 27 4 151
4 27 5 453
4 27 6 447
4 28 1 446
4 28 2 159
4 28 3 153
4 28 4 146
4 28 5 457
4 28 6 452
4 29 1 451
4 29 2 450
4 29 3 154
4 29 4 147
4 29 5 459
4 29 6 456
4 30 1 455
4 30 2 454
4 30 3 449
4 30 4 148
4 30 5 460
4 30 6 458
5 25 1 458
5 25 2 455
5 25 3 454
5 25 4 449
5 25 5 148
5 25 6 460
5 26 1 164
5 26 2 161
5 26 3 160
5 26 4 155
5 26 5 149
5 26 6 166
5 27 1 165
5 27 2 162
5 27 3 157
5 27 4 156
5 27 5 150
5 27 6 448
5 28 1 447
5 28 2 163
5 28 3 158
5 28 4 152
5 28 5 151
5 28 6 453
5 29 1 452
5 29 2 446
5 29 3 159
5 29 4 153
5 29 5 146
5 29 6 457
5 30 1 456
5 30 2 451
5 30 3 450
5 30 4 154
5 30 5 147
5 30 6 459
6 25 1 459
6 25 2 456
6 25 3 451
6 25 4 450
6 25 5 154
6 25 6 147
6 26 1 460
6 26 2 458
6 26 3 455
6 26 4 454
6 26 5 449
6 26 6 148
6 27 1 166
6 27 2 164
6 27 3 161
6 27 4 160
6 27 5 155
6 27 6 149
6 28 1 448
6 28 2 165
6 28 3 162
6 28 4 157
6 28 5 156
6 28 6 150
6 29 1 453
6 29 2 447
6 29 3 163
6 29 4 158
6 29 5 152
6 29 6 151
6 30 1 457
6 30 2 452
6 30 3 446
6 30 4 159
6 30 5 153
6 30 6 146
7 1 1 167
7 1 2 96
7 1 3 90
7 1 4 83
7 1 5 178
7 1 6 173
7 2 1 168
7 2 2 100
7 2 3 95
7 2 4 89
7 2 5 88
7 2 6 174
7 3 1 169
7 3 2 102
7 3 3 99
7 3 4 94
7 3 5 93
7 3 6 87
7 4 1 86
7 4 2 103
7 4 3 101
7 4 4 98
7 4 5 97
7 4 6 92
7 5 1 170
7 5 2 85
7 5 3 181
7 5 4 179
7 5 5 176
7 5 6 175
7 6 1 171
7 6 2 91
7 6 3 84
7 6 4 180
7 6 5 177
7 6 6 172
8 1 1 172
8 1 2 171
8 1 3 91
8 1 4 84
8 1 5 180
8 1 6 177
8 2 1 173
8 2 2 167
8 2 3 96
8 2 4 90
8 2 5 83
8 2 6 178
8 3 1 174
8 3 2 168
8 3 3 100
8 3 4 95
8 3 5 89
8 3 6 88
8 4 1 87
8 4 2 169
8 4 3 102
8 4 4 99
8 4 5 94
8 4 6 93
8 5 1 92
8 5 2 86
8 5 3 103
8 5 4 101
8 5 5 98
8 5 6 97
8 6 1 175
8 6 2 170
8 6 3 85
8 6 4 181
8 6 5 179
8 6 6 176
9 1 1 176
9 1 2 175
9 1 3 170
9 1 4 85
9 1 5 181
9 1 6 179
9 2 1 177
9 2 2 172
9 2 3 171
9 2 4 91
9 2 5 84
9 2 6 180
9 3 1 178
9 3 2 173
9 3 3 167
9 3 4 96
9 3 5 90
9 3 6 83
9 4 1 88
9 4 2 174
9 4 3 168
9 4 4 100
9 4 5 95
9 4 6 89
9 5 1 93
9 5 2 87
9 5 3 169
9 5 4 102
9 5 5 99
9 5 6 94
9 6 1 97
9 6 2 92
9 6 3 86
9 6 4 103
9 6 5 101
9 6 6 98
10 1 1 98
10 1 2 97
10 1 3 92
10 1 4 86
10 1 5 103
10 1 6 101
10 2 1 179
10 2 2 176
10 2 3 175
10 2 4 170
10 2 5 85
10 2 6 181
10 3 1 180
10 3 2 177
10 3 3 172
10 3 4 171
10 3 5 91
10 3 6 84
10 4 1 83
10 4 2 178
10 4 3 173
10 4 4 167
10 4 5 96
10 4 6 90
10 5 1 89
10 5 2 88
10 5 3 174
10 5 4 168
10 5 5 100
10 5 6 95
10 6 1 94
10 6 2 93
10 6 3 87
10 6 4 169
10 6 5 102
10 6 6 99
11 1 1 99
11 1 2 94
11 1 3 93
11 1 4 87
11 1 5 169
11 1 6 102
11 2 1 101
11 2 2 98
11 2 3 97
11 2 4 92
11 2 5 86
11 2 6 103
11 3 1 181
11 3 2 179
11 3 3 176
11 3 4 175
11 3 5 170
11 3 6 85
11 4 1 84
11 4 2 180
11 4 3 177
11 4 4 172
11 4 5 171
11 4 6 91
11 5 1 90
11 5 2 83
11 5 3 178
11 5 4 173
11 5 5 167
11 5 6 96
11 6 1 95
11 6 2 89
11 6 3 88
11 6 4 174
11 6 5 168
11 6 6 100
12 1 1 100
12 1 2 95
12 1 3 89
12 1 4 88
12 1 5 174
12 1 6 168
12 2 1 102
12 2 2 99
12 2 3 94
12 2 4 93
12 2 5 87
12 2 6 169
12 3 1 103
12 3 2 101
12 3 3 98
12 3 4 97
12 3 5 92
12 3 6 86
12 4 1 85
12 4 2 181
12 4 3 179
12 4 4 176
12 4 5 175
12 4 6 170
12 5 1 91
12 5 2 84
12 5 3 180
12 5 4 177
12 5 5 172
12 5 6 171
12 6 1 96
12 6 2 90
12 6 3 83
12 6 4 178
12 6 5 173
12 6 6 167
7 7 1 182
7 7 2 195
7 7 3 189
7 7 4 182
7 7 5 195
7 7 6 189
7 8 1 183
7 8 2 199
7 8 3 194
7 8 4 188
7 8 5 187
7 8 6 190
7 9 1 184
7 9 2 201
7 9 3 198
7 9 4 193
7 9 5 192
7 9 6 186
7 10 1 185
7 10 2 202
7 10 3 200
7 10 4 197
7 10 5 196
7 10 6 191
7 11 1 186
7 11 2 184
7 11 3 201
7 11 4 198
7 11 5 193
7 11 6 192
7 12 1 187
7 12 2 190
7 12 3 183
7 12 4 199
7 12 5 194
7 12 6 188
8 7 1 188
8 7 2 187
8 7 3 190
8 7 4 183
8 7 5 199
8 7 6 194
8 8 1 189
8 8 2 182
8 8 3 195
8 8 4 189
8 8 5 182
8 8 6 195
8 9 1 190
8 9 2 183
8 9 3 199
8 9 4 194
8 9 5 188
8 9 6 187
8 10 1 186
8 10 2 184
8 10 3 201
8 10 4 198
8 10 5 193
8 10 6 192
8 11 1 191
8 11 2 185
8 11 3 202
8 11 4 200
8 11 5 197
8 11 6 196
8 12 1 192
8 12 2 186
8 12 3 184
8 12 4 201
8 12 5 198
8 12 6 193
9 7 1 193
9 7 2 192
9 7 3 186
9 7 4 184
9 7 5 201
9 7 6 198
9 8 1 194
9 8 2 188
9 8 3 187
9 8 4 190
9 8 5 183
9 8 6 199
9 9 1 195
9 9 2 189
9 9 3 182
9 9 4 195
9 9 5 189
9 9 6 182
9 10 1 187
9 10 2 190
9 10 3 183
9 10 4 199
9 10 5 194
9 10 6 188
9 11 1 192
9 11 2 186
9 11 3 184
9 11 4 201
9 11 5 198
9 11 6 193
9 12 1 196
9 12 2 191
9 12 3 185
9 12 4 202
9 12 5 200
9 12 6 197
10 7 1 197
10 7 2 196
10 7 3 191
10 7 4 185
10 7 5 202
10 7 6 200
10 8 1 198
10 8 2 193
10 8 3 192
10 8 4 186
10 8 5 184
10 8 6 201
10 9 1 199
10 9 2 194
10 9 3 188
10 9 4 187
10 9 5 190
10 9 6 183
10 10 1 182
10 10 2 195
10 10 3 189
10 10 4 182
10 10 5 195
10 10 6 189
10 11 1 188
10 11 2 187
10 11 3 190
10 11 4 183
10 11 5 199
10 11 6 194
10 12 1 193
10 12 2 192
10 12 3 186
10 12 4 184
10 12 5 201
10 12 6 198
11 7 1 198
11 7 2 193
11 7 3 192
11 7 4 186
11 7 5 184
11 7 6 201
11 8 1 200
11 8 2 197
11 8 3 196
11 8 4 191
11 8 5 185
11 8 6 202
11 9 1 201
11 9 2 198
11 9 3 193
11 9 4 192
11 9 5 186
11 9 6 184
11 10 1 183
11 10 2 199
11 10 3 194
11 10 4 188
11 10 5 187
11 10 6 190
11 11 1 189
11 11 2 182
11 11 3 195
11 11 4 189
11 11 5 182
11 11 6 195
11 12 1 194
11 12 2 188
11 12 3 187
11 12 4 190
11 12 5 183
11 12 6 199
12 7 1 199
12 7 2 194
12 7 3 188
12 7 4 187
12 7 5 190
12 7 6 183
12 8 1 201
12 8 2 198
12 8 3 193
12 8 4 192
12 8 5 186
12 8 6 184
12 9 1 202
12 9 2 200
12 9 3 197
12 9 4 196
12 9 5 191
12 9 6 185
12 10 1 184
12 10 2 201
12 10 3 198
12 10 4 193
12 10 5 192
12 10 6 186
12 11 1 190
12 11 2 183
12 11 3 199
12 11 4 194
12 11 5 188
12 11 6 187
12 12 1 195
12 12 2 189
12 12 3 182
12 12 4 195
12 12 5 189
12 12 6 182
7 13 1 203
7 13 2 292
7 13 3 287
7 13 4 281
7 13 5 216
7 13 6 210
7 14 1 204
7 14 2 294
7 14 3 291
7 14 4 286
7 14 5 285
7 14 6 211
7 15 1 205
7 15 2 295
7 15 3 293
7 15 4 290
7 15 5 289
7 15 6 284
7 16 1 206
7 16 2 223
7 16 3 221
7 16 4 218
7 16 5 217
7 16 6 212
7 17 1 207
7 17 2 283
7 17 3 222
7 17 4 219
7 17 5 214
7 17 6 213
7 18 1 208
7 18 2 288
7 18 3 282
7 18 4 220
7 18 5 215
7 18 6 209
8 13 1 209
8 13 2 208
8 13 3 288
8 13 4 282
8 13 5 220
8 13 6 215
8 14 1 210
8 14 2 203
8 14 3 292
8 14 4 287
8 14 5 281
8 14 6 216
8 15 1 211
8 15 2 204
8 15 3 294
8 15 4 291
8 15 5 286
8 15 6 285
8 16 1 284
8 16 2 205
8 16 3 295
8 16 4 293
8 16 5 290
8 16 6 289
8 17 1 212
8 17 2 206
8 17 3 223
8 17 4 221
8 17 5 218
8 17 6 217
8 18 1 213
8 18 2 207
8 18 3 283
8 18 4 222
8 18 5 219
8 18 6 214
9 13 1 214
9 13 2 213
9 13 3 207
9 13 4 283
9 13 5 222
9 13 6 219
9 14 1 215
9 14 2 209
9 14 3 208
9 14 4 288
9 14 5 282
9 14 6 220
9 15 1 216
9 15 2 210
9 15 3 203
9 15 4 292
9 15 5 287
9 15 6 281
9 16 1 285
9 16 2 211
9 16 3 204
9 16 4 294
9 16 5 291
9 16 6 286
9 17 1 289
9 17 2 284
9 17 3 205
9 17 4 295
9 17 5 293
9 17 6 290
9 18 1 217
9 18 2 212
9 18 3 206
9 18 4 223
9 18 5 221
9 18 6 218
10 13 1 218
10 13 2 217
10 13 3 212
10 13 4 206
10 13 5 223
10 13 6 221
10 14 1 219
10 14 2 214
10 14 3 213
10 14 4 207
10 14 5 283
10 14 6 222
10 15 1 220
10 15 2 215
10 15 3 209
10 15 4 208
10 15 5 288
10 15 6 282
10 16 1 281
10 16 2 216
10 16 3 210
10 16 4 203
10 16 5 292
10 16 6 287
10 17 1 286
10 17 2 285
10 17 3 211
10 17 4 204
10 17 5 294
10 17 6 291
10 18 1 290
10 18 2 289
10 18 3 284
10 18 4 205
10 18 5 295
10 18 6 293
11 13 1 293
11 13 2 290
11 13 3 289
11 13 4 284
11 13 5 205
11 13 6 295
11 14 1 221
11 14 2 218
11 14 3 217
11 14 4 212
11 14 5 206
11 14 6 223
11 15 1 222
11 15 2 219
11 15 3 214
11 15 4 213
11 15 5 207
11 15 6 283
11 16 1 282
11 16 2 220
11 16 3 215
11 16 4 209
11 16 5 208
11 16 6 288
11 17 1 287
11 17 2 281
11 17 3 216
11 17 4 210
11 17 5 203
11 17 6 292
11 18 1 291
11 18 2 286
11 18 3 285
11 18 4 211
11 18 5 204
11 18 6 294
12 13 1 294
12 13 2 291
12 13 3 286
12 13 4 285
12 13 5 211
12 13 6 204
12 14 1 295
12 14 2 293
12 14 3 290
12 14 4 289
12 14 5 284
12 14 6 205
12 15 1 223
12 15 2 221
12 15 3 218
12 15 4 217
12 15 5 212
12 15 6 206
12 16 1 283
12 16 2 222
12 16 3 219
12 16 4 214
12 16 5 213
12 16 6 207
12 17 1 288
12 17 2 282
12 17 3 220
12 17 4 215
12 17 5 209
12 17 6 208
12 18 1 292
12 18 2 287
12 18 3 281
12 18 4 216
12 18 5 210
12 18 6 203
7 19 1 224
7 19 2 385
7 19 3 380
7 19 4 374
7 19 5 237
7 19 6 231
7 20 1 225
7 20 2 387
7 20 3 384
7 20 4 379
7 20 5 378
7 20 6 232
7 21 1 226
7 21 2 388
7 21 3 386
7 21 4 383
7 21 5 382
7 21 6 377
7 22 1 227
7 22 2 244
7 22 3 242
7 22 4 239
7 22 5 238
7 22 6 233
7 23 1 228
7 23 2 376
7 23 3 243
7 23 4 240
7 23 5 235
7 23 6 234
7 24 1 229
7 24 2 381
7 24 3 375
7 24 4 241
7 24 5 236
7 24 6 230
8 19 1 230
8 19 2 229
8 19 3 381
8 19 4 375
8 19 5 241
8 19 6 236
8 20 1 231
8 20 2 224
8 20 3 385
8 20 4 380
8 20 5 374
8 20 6 237
8 21 1 232
8 21 2 225
8 21 3 387
8 21 4 384
8 21 5 379
8 21 6 378
8 22 1 377
8 22 2 226
8 22 3 388
8 22 4 386
8 22 5 383
8 22 6 382
8 23 1 233
8 23 2 227
8 23 3 244
8 23 4 242
8 23 5 239
8 23 6 238
8 24 1 234
8 24 2 228
8 24 3 376
8 24 4 243
8 24 5 240
8 24 6 235
9 19 1 235
9 19 2 234
9 19 3 228
9 19 4 376
9 19 5 243
9 19 6 240
9 20 1 236
9 20 2 230
9 20 3 229
9 20 4 381
9 20 5 375
9 20 6 241
9 21 1 237
9 21 2 231
9 21 3 224
9 21 4 385
9 21 5 380
9 21 6 374
9 22 1 378
9 22 2 232
9 22 3 225
9 22 4 387
9 22 5 384
9 22 6 379
9 23 1 382
9 23 2 377
9 23 3 226
9 23 4 388
9 23 5 386
9 23 6 383
9 24 1 238
9 24 2 233
9 24 3 227
9 24 4 244
9 24 5 242
9 24 6 239
10 19 1 239
10 19 2 238
10 19 3 233
10 19 4 227
10 19 5 244
10 19 6 242
10 20 1 240
10 20 2 235
10 20 3 234
10 20 4 228
10 20 5 376
10 20 6 243
10 21 1 241
10 21 2 236
10 21 3 230
10 21 4 229
10 21 5 381
10 21 6 375
10 22 1 374
10 22 2 237
10 22 3 231
10 22 4 224
10 22 5 385
10 22 6 380
10 23 1 379
10 23 2 378
10 23 3 232
10 23 4 225
10 23 5 387
10 23 6 384
10 24 1 383
10 24 2 382
10 24 3 377
10 24 4 226
10 24 5 388
10 24 6 386
11 19 1 386
11 19 2 383
11 19 3 382
11 19 4 377
11 19 5 226
11 19 6 388
11 20 1 242
11 20 2 239
11 20 3 238
11 20 4 233
11 20 5 227
11 20 6 244
11 21 1 243
11 21 2 240
11 21 3 235
11 21 4 234
11 21 5 228
11 21 6 376
11 22 1 375
11 22 2 241
11 22 3 236
11 22 4 230
11 22 5 229
11 22 6 381
11 23 1 380
11 23 2 374
11 23 3 237
11 23 4 231
11 23 5 224
11 23 6 385
11 24 1 384
11 24 2 379
11 24 3 378
11 24 4 232
11 24 5 225
11 24 6 387
12 19 1 387
12 19 2 384
12 19 3 379
12 19 4 378
12 19 5 232
12 19 6 225
12 20 1 388
12 20 2 386
12 20 3 383
12 20 4 382
12 20 5 377
12 20 6 226
12 21 1 244
12 21 2 242
12 21 3 239
12 21 4 238
12 21 5 233
12 21 6 227
12 22 1 376
12 22 2 243
12 22 3 240
12 22 4 235
12 22 5 234
12 22 6 228
12 23 1 381
12 23 2 375
12 23 3 241
12 23 4 236
12 23 5 230
12 23 6 229
12 24 1 385
12 24 2 380
12 24 3 374
12 24 4 237
12 24 5 231
12 24 6 224
7 25 1 245
7 25 2 472
7 25 3 467
7 25 4 461
7 25 5 258
7 25 6 252
7 26 1 246
7 26 2 474
7 26 3 471
7 26 4 466
7 26 5 465
7 26 6 253
7 27 1 247
7 27 2 475
7 27 3 473
7 27 4 470
7 27 5 469
7 27 6 464
7 28 1 248
7 28 2 265
7 28 3 263
7 28 4 260
7 28 5 259
7 28 6 254
7 29 1 249
7 29 2 463
7 29 3 264
7 29 4 261
7 29 5 256
7 29 6 255
7 30 1 250
7 30 2 468
7 30 3 462
7 30 4 262
7 30 5 257
7 30 6 251
8 25 1 251
8 25 2 250
8 25 3 468
8 25 4 462
8 25 5 262
8 25 6 257
8 26 1 252
8 26 2 245
8 26 3 472
8 26 4 467
8 26 5 461
8 26 6 258
8 27 1 253
8 27 2 246
8 27 3 474
8 27 4 471
8 27 5 466
8 27 6 465
8 28 1 464
8 28 2 247
8 28 3 475
8 28 4 473
8 28 5 470
8 28 6 469
8 29 1 254
8 29 2 248
8 29 3 265
8 29 4 263
8 29 5 260
8 29 6 259
8 30 1 255
8 30 2 249
8 30 3 463
8 30 4 264
8 30 5 261
8 30 6 256
9 25 1 256
9 25 2 255
9 25 3 249
9 25 4 463
9 25 5 264
9 25 6 261
9 26 1 257
9 26 2 251
9 26 3 250
9 26 4 468
9 26 5 462
9 26 6 262
9 27 1 258
9 27 2 252
9 27 3 245
9 27 4 472
9 27 5 467
9 27 6 461
9 28 1 465
9 28 2 253
9 28 3 246
9 28 4 474
9 28 5 471
9 28 6 466
9 29 1 469
9 29 2 464
9 29 3 247
9 29 4 475
9 29 5 473
9 29 6 470
9 30 1 259
9 30 2 254
9 30 3 248
9 30 4 265
9 30 5 263
9 30 6 260
10 25 1 260
10 25 2 259
10 25 3 254
10 25 4 248
10 25 5 265
10 25 6 263
10 26 1 261
10 26 2 256
10 26 3 255
10 26 4 249
10 26 5 463
10 26 6 264
10 27 1 262
10 27 2 257
10 27 3 251
10 27 4 250
10 27 5 468
10 27 6 462
10 28 1 461
10 28 2 258
10 28 3 252
10 28 4 245
10 28 5 472
10 28 6 467
10 29 1 466
10 29 2 465
10 29 3 253
10 29 4 246
10 29 5 474
10 29 6 471
10 30 1 470
10 30 2 469
10 30 3 464
10 30 4 247
10 30 5 475
10 30 6 473
11 25 1 473
11 25 2 470
11 25 3 469
11 25 4 464
11 25 5 247
11 25 6 475
11 26 1 263
11 26 2 260
11 26 3 259
11 26 4 254
11 26 5 248
11 26 6 265
11 27 1 264
11 27 2 261
11 27 3 256
11 27 4 255
11 27 5 249
11 27 6 463
11 28 1 462
11 28 2 262
11 28 3 257
11 28 4 251
11 28 5 250
11 28 6 468
11 29 1 467
11 29 2 461
11 29 3 258
11 29 4 252
11 29 5 245
11 29 6 472
11 30 1 471
11 30 2 466
11 30 3 465
11 30 4 253
11 30 5 246
11 30 6 474
12 25 1 474
12 25 2 471
12 25 3 466
12 25 4 465
12 25 5 253
12 25 6 246
12 26 1 475
12 26 2 473
12 26 3 470
12 26 4 469
12 26 5 464
12 26 6 247
12 27 1 265
12 27 2 263
12 27 3 260
12 27 4 259
12 27 5 254
12 27 6 248
12 28 1 463
12 28 2 264
12 28 3 261
12 28 4 256
12 28 5 255
12 28 6 249
12 29 1 468
12 29 2 462
12 29 3 262
12 29 4 257
12 29 5 251
12 29 6 250
12 30 1 472
12 30 2 467
12 30 3 461
12 30 4 258
12 30 5 252
12 30 6 245
13 1 1 266
13 1 2 117
13 1 3 111
13 1 4 104
13 1 5 277
13 1 6 272
13 2 1 267
13 2 2 121
13 2 3 116
13 2 4 110
13 2 5 109
13 2 6 273
13 3 1 268
13 3 2 123
13 3 3 120
13 3 4 115
13 3 5 114
13 3 6 108
13 4 1 107
13 4 2 124
13 4 3 122
13 4 4 119
13 4 5 118
13 4 6 113
13 5 1 269
13 5 2 106
13 5 3 280
13 5 4 278
13 5 5 275
13 5 6 274
13 6 1 270
13 6 2 112
13 6 3 105
13 6 4 279
13 6 5 276
13 6 6 271
14 1 1 271
14 1 2 270
14 1 3 112
14 1 4 105
14 1 5 279
14 1 6 276
14 2 1 272
14 2 2 266
14 2 3 117
14 2 4 111
14 2 5 104
14 2 6 277
14 3 1 273
14 3 2 267
14 3 3 121
14 3 4 116
14 3 5 110
14 3 6 109
14 4 1 108
14 4 2 268
14 4 3 123
14 4 4 120
14 4 5 115
14 4 6 114
14 5 1 113
14 5 2 107
14 5 3 124
14 5 4 122
14 5 5 119
14 5 6 118
14 6 1 274
14 6 2 269
14 6 3 106
14 6 4 280
14 6 5 278
14 6 6 275
15 1 1 275
15 1 2 274
15 1 3 269
15 1 4 106
15 1 5 280
15 1 6 278
15 2 1 276
15 2 2 271
15 2 3 270
15 2 4 112
15 2 5 105
15 2 6 279
15 3 1 277
15 3 2 272
15 3 3 266
15 3 4 117
15 3 5 111
15 3 6 104
15 4 1 109
15 4 2 273
15 4 3 267
15 4 4 121
15 4 5 116
15 4 6 110
15 5 1 114
15 5 2 108
15 5 3 268
15 5 4 123
15 5 5 120
15 5 6 115
15 6 1 118
15 6 2 113
15 6 3 107
15 6 4 124
15 6 5 122
15 6 6 119
16 1 1 119
16 1 2 118
16 1 3 113
16 1 4 107
16 1 5 124
16 1 6 122
16 2 1 278
16 2 2 275
16 2 3 274
16 2 4 269
16 2 5 106
16 2 6 280
16 3 1 279
16 3 2 276
16 3 3 271
16 3 4 270
16 3 5 112
16 3 6 105
16 4 1 104
16 4 2 277
16 4 3 272
16 4 4 266
16 4 5 117
16 4 6 111
16 5 1 110
16 5 2 109
16 5 3 273
16 5 4 267
16 5 5 121
16 5 6 116
16 6 1 115
16 6 2 114
16 6 3 108
16 6 4 268
16 6 5 123
16 6 6 120
17 1 1 120
17 1 2 115
17 1 3 114
17 1 4 108
17 1 5 268
17 1 6 123
17 2 1 122
17 2 2 119
17 2 3 118
17 2 4 113
17 2 5 107
17 2 6 124
17 3 1 280
17 3 2 278
17 3 3 275
17 3 4 274
17 3 5 269
17 3 6 106
17 4 1 105
17 4 2 279
17 4 3 276
17 4 4 271
17 4 5 270
17 4 6 112
17 5 1 111
17 5 2 104
17 5 3 277
17 5 4 272
17 5 5 266
17 5 6 117
17 6 1 116
17 6 2 110
17 6 3 109
17 6 4 273
17 6 5 267
17 6 6 121
18 1 1 121
18 1 2 116
18 1 3 110
18 1 4 109
18 1 5 273
18 1 6 267
18 2 1 123
18 2 2 120
18 2 3 115
18 2 4 114
18 2 5 108
18 2 6 268
18 3 1 124
18 3 2 122
18 3 3 119
18 3 4 118
18 3 5 113
18 3 6 107
18 4 1 106
18 4 2 280
18 4 3 278
18 4 4 275
18 4 5 274
18 4 6 269
18 5 1 112
18 5 2 105
18 5 3 279
18 5 4 276
18 5 5 271
18 5 6 270
18 6 1 117
18 6 2 111
18 6 3 104
18 6 4 277
18 6 5 272
18 6 6 266
13 7 1 281
13 7 2 216
13 7 3 210
13 7 4 203
13 7 5 292
13 7 6 287
13 8 1 282
13 8 2 220
13 8 3 215
13 8 4 209
13 8 5 208
13 8 6 288
13 9 1 283
13 9 2 222
13 9 3 219
13 9 4 214
13 9 5 213
13 9 6 207
13 10 1 206
13 10 2 223
13 10 3 221
13 10 4 218
13 10 5 217
13 10 6 212
13 11 1 284
13 11 2 205
13 11 3 295
13 11 4 293
13 11 5 290
13 11 6 289
13 12 1 285
13 12 2 211
13 12 3 204
13 12 4 294
13 12 5 291
13 12 6 286
14 7 1 286
14 7 2 285
14 7 3 211
14 7 4 204
14 7 5 294
14 7 6 291
14 8 1 287
14 8 2 281
14 8 3 216
14 8 4 210
14 8 5 203
14 8 6 292
14 9 1 288
14 9 2 282
14 9 3 220
14 9 4 215
14 9 5 209
14 9 6 208
14 10 1 207
14 10 2 283
14 10 3 222
14 10 4 219
14 10 5 214
14 10 6 213
14 11 1 212
14 11 2 206
14 11 3 223
14 11 4 221
14 11 5 218
14 11 6 217
14 12 1 289
14 12 2 284
14 12 3 205
14 12 4 295
14 12 5 293
14 12 6 290
15 7 1 290
15 7 2 289
15 7 3 284
15 7 4 205
15 7 5 295
15 7 6 293
15 8 1 291
15 8 2 286
15 8 3 285
15 8 4 211
15 8 5 204
15 8 6 294
15 9 1 292
15 9 2 287
15 9 3 281
15 9 4 216
15 9 5 210
15 9 6 203
15 10 1 208
15 10 2 288
15 10 3 282
15 10 4 220
15 10 5 215
15 10 6 209
15 11 1 213
15 11 2 207
15 11 3 283
15 11 4 222
15 11 5 219
15 11 6 214
15 12 1 217
15 12 2 212
15 12 3 206
15 12 4 223
15 12 5 221
15 12 6 218
16 7 1 218
16 7 2 217
16 7 3 212
16 7 4 206
16 7 5 223
16 7 6 221
16 8 1 293
16 8 2 290
16 8 3 289
16 8 4 284
16 8 5 205
16 8 6 295
16 9 1 294
16 9 2 291
16 9 3 286
16 9 4 285
16 9 5 211
16 9 6 204
16 10 1 203
16 10 2 292
16 10 3 287
16 10 4 281
16 10 5 216
16 10 6 210
16 11 1 209
16 11 2 208
16 11 3 288
16 11 4 282
16 11 5 220
16 11 6 215
16 12 1 214
16 12 2 213
16 12 3 207
16 12 4 283
16 12 5 222
16 12 6 219
17 7 1 219
17 7 2 214
17 7 3 213
17 7 4 207
17 7 5 283
17 7 6 222
17 8 1 221
17 8 2 218
17 8 3 217
17 8 4 212
17 8 5 206
17 8 6 223
17 9 1 295
17 9 2 293
17 9 3 290
17 9 4 289
17 9 5 284
17 9 6 205
17 10 1 204
17 10 2 294
17 10 3 291
17 10 4 286
17 10 5 285
17 10 6 211
17 11 1 210
17 11 2 203
17 11 3 292
17 11 4 287
17 11 5 281
17 11 6 216
17 12 1 215
17 12 2 209
17 12 3 208
17 12 4 288
17 12 5 282
17 12 6 220
18 7 1 220
18 7 2 215
18 7 3 209
18 7 4 208
18 7 5 288
18 7 6 282
18 8 1 222
18 8 2 219
18 8 3 214
18 8 4 213
18 8 5 207
18 8 6 283
18 9 1 223
18 9 2 221
18 9 3 218
18 9 4 217
18 9 5 212
18 9 6 206
18 10 1 205
18 10 2 295
18 10 3 293
18 10 4 290
18 10 5 289
18 10 6 284
18 11 1 211
18 11 2 204
18 11 3 294
18 11 4 291
18 11 5 286
18 11 6 285
18 12 1 216
18 12 2 210
18 12 3 203
18 12 4 292
18 12 5 287
18 12 6 281
13 13 1 296
13 13 2 309
13 13 3 303
13 13 4 296
13 13 5 309
13 13 6 303
13 14 1 297
13 14 2 313
13 14 3 308
13 14 4 302
13 14 5 301
13 14 6 304
13 15 1 298
13 15 2 315
13 15 3 312
13 15 4 307
13 15 5 306
13 15 6 300
13 16 1 299
13 16 2 316
13 16 3 314
13 16 4 311
13 16 5 310
13 16 6 305
13 17 1 300
13 17 2 298
13 17 3 315
13 17 4 312
13 17 5 307
13 17 6 306
13 18 1 301
13 18 2 304
13 18 3 297
13 18 4 313
13 18 5 308
13 18 6 302
14 13 1 302
14 13 2 301
14 13 3 304
14 13 4 297
14 13 5 313
14 13 6 308
14 14 1 303
14 14 2 296
14 14 3 309
14 14 4 303
14 14 5 296
14 14 6 309
14 15 1 304
14 15 2 297
14 15 3 313
14 15 4 308
14 15 5 302
14 15 6 301
14 16 1 300
14 16 2 298
14 16 3 315
14 16 4 312
14 16 5 307
14 16 6 306
14 17 1 305
14 17 2 299
14 17 3 316
14 17 4 314
14 17 5 311
14 17 6 310
14 18 1 306
14 18 2 300
14 18 3 298
14 18 4 315
14 18 5 312
14 18 6 307
15 13 1 307
15 13 2 306
15 13 3 300
15 13 4 298
15 13 5 315
15 13 6 312
15 14 1 308
15 14 2 302
15 14 3 301
15 14 4 304
15 14 5 297
15 14 6 313
15 15 1 309
15 15 2 303
15 15 3 296
15 15 4 309
15 15 5 303
15 15 6 296
15 16 1 301
15 16 2 304
15 16 3 297
15 16 4 313
15 16 5 308
15 16 6 302
15 17 1 306
15 17 2 300
15 17 3 298
15 17 4 315
15 17 5 312
15 17 6 307
15 18 1 310
15 18 2 305
15 18 3 299
15 18 4 316
15 18 5 314
15 18 6 311
16 13 1 311
16 13 2 310
16 13 3 305
16 13 4 299
16 13 5 316
16 13 6 314
16 14 1 312
16 14 2 307
16 14 3 306
16 14 4 300
16 14 5 298
16 14 6 315
16 15 1 313
16 15 2 308
16 15 3 302
16 15 4 301
16 15 5 304
16 15 6 297
16 16 1 296
16 16 2 309
16 16 3 303
16 16 4 296
16 16 5 309
16 16 6 303
16 17 1 302
16 17 2 301
16 17 3 304
16 17 4 297
16 17 5 313
16 17 6 308
16 18 1 307
16 18 2 306
16 18 3 300
16 18 4 298
16 18 5 315
16 18 6 312
17 13 1 312
17 13 2 307
17 13 3 306
17 13 4 300
17 13 5 298
17 13 6 315
17 14 1 314
17 14 2 311
17 14 3 310
17 14 4 305
17 14 5 299
17 14 6 316
17 15 1 315
17 15 2 312
17 15 3 307
17 15 4 306
17 15 5 300
17 15 6 298
17 16 1 297
17 16 2 313
17 16 3 308
17 16 4 302
17 16 5 301
17 16 6 304
17 17 1 303
17 17 2 296
17 17 3 309
17 17 4 303
17 17 5 296
17 17 6 309
17 18 1 308
17 18 2 302
17 18 3 301
17 18 4 304
17 18 5 297
17 18 6 313
18 13 1 313
18 13 2 308
18 13 3 302
18 13 4 301
18 13 5 304
18 13 6 297
18 14 1 315
18 14 2 312
18 14 3 307
18 14 4 306
18 14 5 300
18 14 6 298
18 15 1 316
18 15 2 314
18 15 3 311
18 15 4 310
18 15 5 305
18 15 6 299
18 16 1 298
18 16 2 315
18 16 3 312
18 16 4 307
18 16 5 306
18 16 6 300
18 17 1 304
18 17 2 297
18 17 3 313
18 17 4 308
18 17 5 302
18 17 6 301
18 18 1 309
18 18 2 303
18 18 3 296
18 18 4 309
18 18 5 303
18 18 6 296
13 19 1 317
13 19 2 400
13 19 3 395
13 19 4 389
13 19 5 330
13 19 6 324
13 20 1 318
13 20 2 402
13 20 3 399
13 20 4 394
13 20 5 393
13 20 6 325
13 21 1 319
13 21 2 403
13 21 3 401
13 21 4 398
13 21 5 397
13 21 6 392
13 22 1 320
13 22 2 337
13 22 3 335
13 22 4 332
13 22 5 331
13 22 6 326
13 23 1 321
13 23 2 391
13 23 3 336
13 23 4 333
13 23 5 328
13 23 6 327
13 24 1 322
13 24 2 396
13 24 3 390
13 24 4 334
13 24 5 329
13 24 6 323
14 19 1 323
14 19 2 322
14 19 3 396
14 19 4 390
14 19 5 334
14 19 6 329
14 20 1 324
14 20 2 317
14 20 3 400
14 20 4 395
14 20 5 389
14 20 6 330
14 21 1 325
14 21 2 318
14 21 3 402
14 21 4 399
14 21 5 394
14 21 6 393
14 22 1 392
14 22 2 319
14 22 3 403
14 22 4 401
14 22 5 398
14 22 6 397
14 23 1 326
14 23 2 320
14 23 3 337
14 23 4 335
14 23 5 332
14 23 6 331
14 24 1 327
14 24 2 321
14 24 3 391
14 24 4 336
14 24 5 333
14 24 6 328
15 19 1 328
15 19 2 327
15 19 3 321
15 19 4 391
15 19 5 336
15 19 6 333
15 20 1 329
15 20 2 323
15 20 3 322
15 20 4 396
15 20 5 390
15 20 6 334
15 21 1 330
15 21 2 324
15 21 3 317
15 21 4 400
15 21 5 395
15 21 6 389
15 22 1 393
15 22 2 325
15 22 3 318
15 22 4 402
15 22 5 399
15 22 6 394
15 23 1 397
15 23 2 392
15 23 3 319
15 23 4 403
15 23 5 401
15 23 6 398
15 24 1 331
15 24 2 326
15 24 3 320
15 24 4 337
15 24 5 335
15 24 6 332
16 19 1 332
16 19 2 331
16 19 3 326
16 19 4 320
16 19 5 337
16 19 6 335
16 20 1 333
16 20 2 328
16 20 3 327
16 20 4 321
16 20 5 391
16 20 6 336
16 21 1 334
16 21 2 329
16 21 3 323
16 21 4 322
16 21 5 396
16 21 6 390
16 22 1 389
16 22 2 330
16 22 3 324
16 22 4 317
16 22 5 400
16 22 6 395
16 23 1 394
16 23 2 393
16 23 3 325
16 23 4 318
16 23 5 402
16 23 6 399
16 24 1 398
16 24 2 397
16 24 3 392
16 24 4 319
16 24 5 403
16 24 6 401
17 19 1 401
17 19 2 398
17 19 3 397
17 19 4 392
17 19 5 319
17 19 6 403
17 20 1 335
17 20 2 332
17 20 3 331
17 20 4 326
17 20 5 320
17 20 6 337
17 21 1 336
17 21 2 333
17 21 3 328
17 21 4 327
17 21 5 321
17 21 6 391
17 22 1 390
17 22 2 334
17 22 3 329
17 22 4 323
17 22 5 322
17 22 6 396
17 23 1 395
17 23 2 389
17 23 3 330
17 23 4 324
17 23 5 317
17 23 6 400
17 24 1 399
17 24 2 394
17 24 3 393
17 24 4 325
17 24 5 318
17 24 6 402
18 19 1 402
18 19 2 399
18 19 3 394
18 19 4 393
18 19 5 325
18 19 6 318
18 20 1 403
18 20 2 401
18 20 3 398
18 20 4 397
18 20 5 392
18 20 6 319
18 21 1 337
18 21 2 335
18 21 3 332
18 21 4 331
18 21 5 326
18 21 6 320
18 22 1 391
18 22 2 336
18 22 3 333
18 22 4 328
18 22 5 327
18 22 6 321
18 23 1 396
18 23 2 390
18 23 3 334
18 23 4 329
18 23 5 323
18 23 6 322
18 24 1 400
18 24 2 395
18 24 3 389
18 24 4 330
18 24 5 324
18 24 6 317
13 25 1 338
13 25 2 487
13 25 3 482
13 25 4 476
13 25 5 351
13 25 6 345
13 26 1 339
13 26 2 489
13 26 3 486
13 26 4 481
13 26 5 480
13 26 6 346
13 27 1 340
13 27 2 490
13 27 3 488
13 27 4 485
13 27 5 484
13 27 6 479
13 28 1 341
13 28 2 358
13 28 3 356
13 28 4 353
13 28 5 352
13 28 6 347
13 29 1 342
13 29 2 478
13 29 3 357
13 29 4 354
13 29 5 349
13 29 6 348
13 30 1 343
13 30 2 483
13 30 3 477
13 30 4 355
13 30 5 350
13 30 6 344
14 25 1 344
14 25 2 343
14 25 3 483
14 25 4 477
14 25 5 355
14 25 6 350
14 26 1 345
14 26 2 338
14 26 3 487
14 26 4 482
14 26 5 476
14 26 6 351
14 27 1 346
14 27 2 339
14 27 3 489
14 27 4 486
14 27 5 481
14 27 6 480
14 28 1 479
14 28 2 340
14 28 3 490
14 28 4 488
14 28 5 485
14 28 6 484
14 29 1 347
14 29 2 341
14 29 3 358
14 29 4 356
14 29 5 353
14 29 6 352
14 30 1 348
14 30 2 342
14 30 3 478
14 30 4 357
14 30 5 354
14 30 6 349
15 25 1 349
15 25 2 348
15 25 3 342
15 25 4 478
15 25 5 357
15 25 6 354
15 26 1 350
15 26 2 344
15 26 3 343
15 26 4 483
15 26 5 477
15 26 6 355
15 27 1 351
15 27 2 345
15 27 3 338
15 27 4 487
15 27 5 482
15 27 6 476
15 28 1 480
15 28 2 346
15 28 3 339
15 28 4 489
15 28 5 486
15 28 6 481
15 29 1 484
15 29 2 479
15 29 3 340
15 29 4 490
15 29 5 488
15 29 6 485
15 30 1 352
15 30 2 347
15 30 3 341
15 30 4 358
15 30 5 356
15 30 6 353
16 25 1 353
16 25 2 352
16 25 3 347
16 25 4 341
16 25 5 358
16 25 6 356
16 26 1 354
16 26 2 349
16 26 3 348
16 26 4 342
16 26 5 478
16 26 6 357
16 27 1 355
16 27 2 350
16 27 3 344
16 27 4 343
16 27 5 483
16 27 6 477
16 28 1 476
16 28 2 351
16 28 3 345
16 28 4 338
16 28 5 487
16 28 6 482
16 29 1 481
16 29 2 480
16 29 3 346
16 29 4 339
16 29 5 489
16 29 6 486
16 30 1 485
16 30 2 484
16 30 3 479
16 30 4 340
16 30 5 490
16 30 6 488
17 25 1 488
17 25 2 485
17 25 3 484
17 25 4 479
17 25 5 340
17 25 6 490
17 26 1 356
17 26 2 353
17 26 3 352
17 26 4 347
17 26 5 341
17 26 6 358
17 27 1 357
17 27 2 354
17 27 3 349
17 27 4 348
17 27 5 342
17 27 6 478
17 28 1 477
17 28 2 355
17 28 3 350
17 28 4 344
17 28 5 343
17 28 6 483
17 29 1 482
17 29 2 476
17 29 3 351
17 29 4 345
17 29 5 338
17 29 6 487
17 30 1 486
17 30 2 481
17 30 3 480
17 30 4 346
17 30 5 339
17 30 6 489
18 25 1 489
18 25 2 486
18 25 3 481
18 25 4 480
18 25 5 346
18 25 6 339
18 26 1 490
18 26 2 488
18 26 3 485
18 26 4 484
18 26 5 479
18 26 6 340
18 27 1 358
18 27 2 356
18 27 3 353
18 27 4 352
18 27 5 347
18 27 6 341
18 28 1 478
18 28 2 357
18 28 3 354
18 28 4 349
18 28 5 348
18 28 6 342
18 29 1 483
18 29 2 477
18 29 3 355
18 29 4 350
18 29 5 344
18 29 6 343
18 30 1 487
18 30 2 482
18 30 3 476
18 30 4 351
18 30 5 345
18 30 6 338
19 1 1 359
19 1 2 138
19 1 3 132
19 1 4 125
19 1 5 370
19 1 6 365
19 2 1 360
19 2 2 142
19 2 3 137
19 2 4 131
19 2 5 130
19 2 6 366
19 3 1 361
19 3 2 144
19 3 3 141
19 3 4 136
19 3 5 135
19 3 6 129
19 4 1 128
19 4 2 145
19 4 3 143
19 4 4 140
19 4 5 139
19 4 6 134
19 5 1 362
19 5 2 127
19 5 3 373
19 5 4 371
19 5 5 368
19 5 6 367
19 6 1 363
19 6 2 133
19 6 3 126
19 6 4 372
19 6 5 369
19 6 6 364
20 1 1 364
20 1 2 363
20 1 3 133
20 1 4 126
20 1 5 372
20 1 6 369
20 2 1 365
20 2 2 359
20 2 3 138
20 2 4 132
20 2 5 125
20 2 6 370
20 3 1 366
20 3 2 360
20 3 3 142
20 3 4 137
20 3 5 131
20 3 6 130
20 4 1 129
20 4 2 361
20 4 3 144
20 4 4 141
20 4 5 136
20 4 6 135
20 5 1 134
20 5 2 128
20 5 3 145
20 5 4 143
20 5 5 140
20 5 6 139
20 6 1 367
20 6 2 362
20 6 3 127
20 6 4 373
20 6 5 371
20 6 6 368
21 1 1 368
21 1 2 367
21 1 3 362
21 1 4 127
21 1 5 373
21 1 6 371
21 2 1 369
21 2 2 364
21 2 3 363
21 2 4 133
21 2 5 126
21 2 6 372
21 3 1 370
21 3 2 365
21 3 3 359
21 3 4 138
21 3 5 132
21 3 6 125
21 4 1 130
21 4 2 366
21 4 3 360
21 4 4 142
21 4 5 137
21 4 6 131
21 5 1 135
21 5 2 129
21 5 3 361
21 5 4 144
21 5 5 141
21 5 6 136
21 6 1 139
21 6 2 134
21 6 3 128
21 6 4 145
21 6 5 143
21 6 6 140
22 1 1 140
22 1 2 139
22 1 3 134
22 1 4 128
22 1 5 145
22 1 6 143
22 2 1 371
22 2 2 368
22 2 3 367
22 2 4 362
22 2 5 127
22 2 6 373
22 3 1 372
22 3 2 369
22 3 3 364
22 3 4 363
22 3 5 133
22 3 6 126
22 4 1 125
22 4 2 370
22 4 3 365
22 4 4 359
22 4 5 138
22 4 6 132
22 5 1 131
22 5 2 130
22 5 3 366
22 5 4 360
22 5 5 142
22 5 6 137
22 6 1 136
22 6 2 135
22 6 3 129
22 6 4 361
22 6 5 144
22 6 6 141
23 1 1 141
23 1 2 136
23 1 3 135
23 1 4 129
23 1 5 361
23 1 6 144
23 2 1 143
23 2 2 140
23 2 3 139
23 2 4 134
23 2 5 128
23 2 6 145
23 3 1 373
23 3 2 371
23 3 3 368
23 3 4 367
23 3 5 362
23 3 6 127
23 4 1 126
23 4 2 372
23 4 3 369
23 4 4 364
23 4 5 363
23 4 6 133
23 5 1 132
23 5 2 125
23 5 3 370
23 5 4 365
23 5 5 359
23 5 6 138
23 6 1 137
23 6 2 131
23 6 3 130
23 6 4 366
23 6 5 360
23 6 6 142
24 1 1 142
24 1 2 137
24 1 3 131
24 1 4 130
24 1 5 366
24 1 6 360
24 2 1 144
24 2 2 141
24 2 3 136
24 2 4 135
24 2 5 129
24 2 6 361
24 3 1 145
24 3 2 143
24 3 3 140
24 3 4 139
24 3 5 134
24 3 6 128
24 4 1 127
24 4 2 373
24 4 3 371
24 4 4 368
24 4 5 367
24 4 6 362
24 5 1 133
24 5 2 126
24 5 3 372
24 5 4 369
24 5 5 364
24 5 6 363
24 6 1 138
24 6 2 132
24 6 3 125
24 6 4 370
24 6 5 365
24 6 6 359
19 7 1 374
19 7 2 237
19 7 3 231
19 7 4 224
19 7 5 385
19 7 6 380
19 8 1 375
19 8 2 241
19 8 3 236
19 8 4 230
19 8 5 229
19 8 6 381
19 9 1 376
19 9 2 243
19 9 3 240
19 9 4 235
19 9 5 234
19 9 6 228
19 10 1 227
19 10 2 244
19 10 3 242
19 10 4 239
19 10 5 238
19 10 6 233
19 11 1 377
19 11 2 226
19 11 3 388
19 11 4 386
19 11 5 383
19 11 6 382
19 12 1 378
19 12 2 232
19 12 3 225
19 12 4 387
19 12 5 384
19 12 6 379
20 7 1 379
20 7 2 378
20 7 3 232
20 7 4 225
20 7 5 387
20 7 6 384
20 8 1 380
20 8 2 374
20 8 3 237
20 8 4 231
20 8 5 224
20 8 6 385
20 9 1 381
20 9 2 375
20 9 3 241
20 9 4 236
20 9 5 230
20 9 6 229
20 10 1 228
20 10 2 376
20 10 3 243
20 10 4 240
20 10 5 235
20 10 6 234
20 11 1 233
20 11 2 227
20 11 3 244
20 11 4 242
20 11 5 239
20 11 6 238
20 12 1 382
20 12 2 377
20 12 3 226
20 12 4 388
20 12 5 386
20 12 6 383
21 7 1 383
21 7 2 382
21 7 3 377
21 7 4 226
21 7 5 388
21 7 6 386
21 8 1 384
21 8 2 379
21 8 3 378
21 8 4 232
21 8 5 225
21 8 6 387
21 9 1 385
21 9 2 380
21 9 3 374
21 9 4 237
21 9 5 231
21 9 6 224
21 10 1 229
21 10 2 381
21 10 3 375
21 10 4 241
21 10 5 236
21 10 6 230
21 11 1 234
21 11 2 228
21 11 3 376
21 11 4 243
21 11 5 240
21 11 6 235
21 12 1 238
21 12 2 233
21 12 3 227
21 12 4 244
21 12 5 242
21 12 6 239
22 7 1 239
22 7 2 238
22 7 3 233
22 7 4 227
22 7 5 244
22 7 6 242
22 8 1 386
22 8 2 383
22 8 3 382
22 8 4 377
22 8 5 226
22 8 6 388
22 9 1 387
22 9 2 384
22 9 3 379
22 9 4 378
22 9 5 232
22 9 6 225
22 10 1 224
22 10 2 385
22 10 3 380
22 10 4 374
22 10 5 237
22 10 6 231
22 11 1 230
22 11 2 229
22 11 3 381
22 11 4 375
22 11 5 241
22 11 6 236
22 12 1 235
22 12 2 234
22 12 3 228
22 12 4 376
22 12 5 243
22 12 6 240
23 7 1 240
23 7 2 235
23 7 3 234
23 7 4 228
23 7 5 376
23 7 6 243
23 8 1 242
23 8 2 239
23 8 3 238
23 8 4 233
23 8 5 227
23 8 6 244
23 9 1 388
23 9 2 386
23 9 3 383
23 9 4 382
23 9 5 377
23 9 6 226
23 10 1 225
23 10 2 387
23 10 3 384
23 10 4 379
23 10 5 378
23 10 6 232
23 11 1 231
23 11 2 224
23 11 3 385
23 11 4 380
23 11 5 374
23 11 6 237
23 12 1 236
23 12 2 230
23 12 3 229
23 12 4 381
23 12 5 375
23 12 6 241
24 7 1 241
24 7 2 236
24 7 3 230
24 7 4 229
24 7 5 381
24 7 6 375
24 8 1 243
24 8 2 240
24 8 3 235
24 8 4 234
24 8 5 228
24 8 6 376
24 9 1 244
24 9 2 242
24 9 3 239
24 9 4 238
24 9 5 233
24 9 6 227
24 10 1 226
24 10 2 388
24 10 3 386
24 10 4 383
24 10 5 382
24 10 6 377
24 11 1 232
24 11 2 225
24 11 3 387
24 11 4 384
24 11 5 379
24 11 6 378
24 12 1 237
24 12 2 231
24 12 3 224
24 12 4 385
24 12 5 380
24 12 6 374
19 13 1 389
19 13 2 330
19 13 3 324
19 13 4 317
19 13 5 400
19 13 6 395
19 14 1 390
19 14 2 334
19 14 3 329
19 14 4 323
19 14 5 322
19 14 6 396
19 15 1 391
19 15 2 336
19 15 3 333
19 15 4 328
19 15 5 327
19 15 6 321
19 16 1 320
19 16 2 337
19 16 3 335
19 16 4 332
19 16 5 331
19 16 6 326
19 17 1 392
19 17 2 319
19 17 3 403
19 17 4 401
19 17 5 398
19 17 6 397
19 18 1 393
19 18 2 325
19 18 3 318
19 18 4 402
19 18 5 399
19 18 6 394
20 13 1 394
20 13 2 393
20 13 3 325
20 13 4 318
20 13 5 402
20 13 6 399
20 14 1 395
20 14 2 389
20 14 3 330
20 14 4 324
20 14 5 317
20 14 6 400
20 15 1 396
20 15 2 390
20 15 3 334
20 15 4 329
20 15 5 323
20 15 6 322
20 16 1 321
20 16 2 391
20 16 3 336
20 16 4 333
20 16 5 328
20 16 6 327
20 17 1 326
20 17 2 320
20 17 3 337
20 17 4 335
20 17 5 332
20 17 6 331
20 18 1 397
20 18 2 392
20 18 3 319
20 18 4 403
20 18 5 401
20 18 6 398
21 13 1 398
21 13 2 397
21 13 3 392
21 13 4 319
21 13 5 403
21 13 6 401
21 14 1 399
21 14 2 394
21 14 3 393
21 14 4 325
21 14 5 318
21 14 6 402
21 15 1 400
21 15 2 395
21 15 3 389
21 15 4 330
21 15 5 324
21 15 6 317
21 16 1 322
21 16 2 396
21 16 3 390
21 16 4 334
21 16 5 329
21 16 6 323
21 17 1 327
21 17 2 321
21 17 3 391
21 17 4 336
21 17 5 333
21 17 6 328
21 18 1 331
21 18 2 326
21 18 3 320
21 18 4 337
21 18 5 335
21 18 6 332
22 13 1 332
22 13 2 331
22 13 3 326
22 13 4 320
22 13 5 337
22 13 6 335
22 14 1 401
22 14 2 398
22 14 3 397
22 14 4 392
22 14 5 319
22 14 6 403
22 15 1 402
22 15 2 399
22 15 3 394
22 15 4 393
22 15 5 325
22 15 6 318
22 16 1 317
22 16 2 400
22 16 3 395
22 16 4 389
22 16 5 330
22 16 6 324
22 17 1 323
22 17 2 322
22 17 3 396
22 17 4 390
22 17 5 334
22 17 6 329
22 18 1 328
22 18 2 327
22 18 3 321
22 18 4 391
22 18 5 336
22 18 6 333
23 13 1 333
23 13 2 328
23 13 3 327
23 13 4 321
23 13 5 391
23 13 6 336
23 14 1 335
23 14 2 332
23 14 3 331
23 14 4 326
23 14 5 320
23 14 6 337
23 15 1 403
23 15 2 401
23 15 3 398
23 15 4 397
23 15 5 392
23 15 6 319
23 16 1 318
23 16 2 402
23 16 3 399
23 16 4 394
23 16 5 393
23 16 6 325
23 17 1 324
23 17 2 317
23 17 3 400
23 17 4 395
23 17 5 389
23 17 6 330
23 18 1 329
23 18 2 323
23 18 3 322
23 18 4 396
23 18 5 390
23 18 6 334
24 13 1 334
24 13 2 329
24 13 3 323
24 13 4 322
24 13 5 396
24 13 6 390
24 14 1 336
24 14 2 333
24 14 3 328
24 14 4 327
24 14 5 321
24 14 6 391
24 15 1 337
24 15 2 335
24 15 3 332
24 15 4 331
24 15 5 326
24 15 6 320
24 16 1 319
24 16 2 403
24 16 3 401
24 16 4 398
24 16 5 397
24 16 6 392
24 17 1 325
24 17 2 318
24 17 3 402
24 17 4 399
24 17 5 394
24 17 6 393
24 18 1 330
24 18 2 324
24 18 3 317
24 18 4 400
24 18 5 395
24 18 6 389
19 19 1 404
19 19 2 417
19 19 3 411
19 19 4 404
19 19 5 417
19 19 6 411
19 20 1 405
19 20 2 421
19 20 3 416
19 20 4 410
19 20 5 409
19 20 6 412
19 21 1 406
19 21 2 423
19 21 3 420
19 21 4 415
19 21 5 414
19 21 6 408
19 22 1 407
19 22 2 424
19 22 3 422
19 22 4 419
19 22 5 418
19 22 6 413
19 23 1 408
19 23 2 406
19 23 3 423
19 23 4 420
19 23 5 415
19 23 6 414
19 24 1 409
19 24 2 412
19 24 3 405
19 24 4 421
19 24 5 416
19 24 6 410
20 19 1 410
20 19 2 409
20 19 3 412
20 19 4 405
20 19 5 421
20 19 6 416
20 20 1 411
20 20 2 404
20 20 3 417
20 20 4 411
20 20 5 404
20 20 6 417
20 21 1 412
20 21 2 405
20 21 3 421
20 21 4 416
20 21 5 410
20 21 6 409
20 22 1 408
20 22 2 406
20 22 3 423
20 22 4 420
20 22 5 415
20 22 6 414
20 23 1 413
20 23 2 407
20 23 3 424
20 23 4 422
20 23 5 419
20 23 6 418
20 24 1 414
20 24 2 408
20 24 3 406
20 24 4 423
20 24 5 420
20 24 6 415
21 19 1 415
21 19 2 414
21 19 3 408
21 19 4 406
21 19 5 423
21 19 6 420
21 20 1 416
21 20 2 410
21 20 3 409
21 20 4 412
21 20 5 405
21 20 6 421
21 21 1 417
21 21 2 411
21 21 3 404
21 21 4 417
21 21 5 411
21 21 6 404
21 22 1 409
21 22 2 412
21 22 3 405
21 22 4 421
21 22 5 416
21 22 6 410
21 23 1 414
21 23 2 408
21 23 3 406
21 23 4 423
21 23 5 420
21 23 6 415
21 24 1 418
21 24 2 413
21 24 3 407
21 24 4 424
21 24 5 422
21 24 6 419
22 19 1 419
22 19 2 418
22 19 3 413
22 19 4 407
22 19 5 424
22 19 6 422
22 20 1 420
22 20 2 415
22 20 3 414
22 20 4 408
22 20 5 406
22 20 6 423
22 21 1 421
22 21 2 416
22 21 3 410
22 21 4 409
22 21 5 412
22 21 6 405
22 22 1 404
22 22 2 417
22 22 3 411
22 22 4 404
22 22 5 417
22 22 6 411
22 23 1 410
22 23 2 409
22 23 3 412
22 23 4 405
22 23 5 421
22 23 6 416
22 24 1 415
22 24 2 414
22 24 3 408
22 24 4 406
22 24 5 423
22 24 6 420
23 19 1 420
23 19 2 415
23 19 3 414
23 19 4 408
23 19 5 406
23 19 6 423
23 20 1 422
23 20 2 419
23 20 3 418
23 20 4 413
23 20 5 407
23 20 6 424
23 21 1 423
23 21 2 420
23 21 3 415
23 21 4 414
23 21 5 408
23 21 6 406
23 22 1 405
23 22 2 421
23 22 3 416
23 22 4 410
23 22 5 409
23 22 6 412
23 23 1 411
23 23 2 404
23 23 3 417
23 23 4 411
23 23 5 404
23 23 6 417
23 24 1 416
23 24 2 410
23 24 3 409
23 24 4 412
23 24 5 405
23 24 6 421
24 19 1 421
24 19 2 416
24 19 3 410
24 19 4 409
24 19 5 412
24 19 6 405
24 20 1 423
24 20 2 420
24 20 3 415
24 20 4 414
24 20 5 408
24 20 6 406
24 21 1 424
24 21 2 422
24 21 3 419
24 21 4 418
24 21 5 413
24 21 6 407
24 22 1 406
24 22 2 423
24 22 3 420
24 22 4 415
24 22 5 414
24 22 6 408
24 23 1 412
24 23 2 405
24 23 3 421
24 23 4 416
24 23 5 410
24 23 6 409
24 24 1 417
24 24 2 411
24 24 3 404
24 24 4 417
24 24 5 411
24 24 6 404
19 25 1 425
19 25 2 502
19 25 3 497
19 25 4 491
19 25 5 438
19 25 6 432
19 26 1 426
19 26 2 504
19 26 3 501
19 26 4 496
19 26 5 495
19 26 6 433
19 27 1 427
19 27 2 505
19 27 3 503
19 27 4 500
19 27 5 499
19 27 6 494
19 28 1 428
19 28 2 445
19 28 3 443
19 28 4 440
19 28 5 439
19 28 6 434
19 29 1 429
19 29 2 493
19 29 3 444
19 29 4 441
19 29 5 436
19 29 6 435
19 30 1 430
19 30 2 498
19 30 3 492
19 30 4 442
19 30 5 437
19 30 6 431
20 25 1 431
20 25 2 430
20 25 3 498
20 25 4 492
20 25 5 442
20 25 6 437
20 26 1 432
20 26 2 425
20 26 3 502
20 26 4 497
20 26 5 491
20 26 6 438
20 27 1 433
20 27 2 426
20 27 3 504
20 27 4 501
20 27 5 496
20 27 6 495
20 28 1 494
20 28 2 427
20 28 3 505
20 28 4 503
20 28 5 500
20 28 6 499
20 29 1 434
20 29 2 428
20 29 3 445
20 29 4 443
20 29 5 440
20 29 6 439
20 30 1 435
20 30 2 429
20 30 3 493
20 30 4 444
20 30 5 441
20 30 6 436
21 25 1 436
21 25 2 435
21 25 3 429
21 25 4 493
21 25 5 444
21 25 6 441
21 26 1 437
21 26 2 431
21 26 3 430
21 26 4 498
21 26 5 492
21 26 6 442
21 27 1 438
21 27 2 432
21 27 3 425
21 27 4 502
21 27 5 497
21 27 6 491
21 28 1 495
21 28 2 433
21 28 3 426
21 28 4 504
21 28 5 501
21 28 6 496
21 29 1 499
21 29 2 494
21 29 3 427
21 29 4 505
21 29 5 503
21 29 6 500
21 30 1 439
21 30 2 434
21 30 3 428
21 30 4 445
21 30 5 443
21 30 6 440
22 25 1 440
22 25 2 439
22 25 3 434
22 25 4 428
22 25 5 445
22 25 6 443
22 26 1 441
22 26 2 436
22 26 3 435
22 26 4 429
22 26 5 493
22 26 6 444
22 27 1 442
22 27 2 437
22 27 3 431
22 27 4 430
22 27 5 498
22 27 6 492
22 28 1 491
22 28 2 438
22 28 3 432
22 28 4 425
22 28 5 502
22 28 6 497
22 29 1 496
22 29 2 495
22 29 3 433
22 29 4 426
22 29 5 504
22 29 6 501
22 30 1 500
22 30 2 499
22 30 3 494
22 30 4 427
22 30 5 505
22 30 6 503
23 25 1 503
23 25 2 500
23 25 3 499
23 25 4 494
23 25 5 427
23 25 6 505
23 26 1 443
23 26 2 440
23 26 3 439
23 26 4 434
23 26 5 428
23 26 6 445
23 27 1 444
23 27 2 441
23 27 3 436
23 27 4 435
23 27 5 429
23 27 6 493
23 28 1 492
23 28 2 442
23 28 3 437
23 28 4 431
23 28 5 430
23 28 6 498
23 29 1 497
23 29 2 491
23 29 3 438
23 29 4 432
23 29 5 425
23 29 6 502
23 30 1 501
23 30 2 496
23 30 3 495
23 30 4 433
23 30 5 426
23 30 6 504
24 25 1 504
24 25 2 501
24 25 3 496
24 25 4 495
24 25 5 433
24 25 6 426
24 26 1 505
24 26 2 503
24 26 3 500
24 26 4 499
24 26 5 494
24 26 6 427
24 27 1 445
24 27 2 443
24 27 3 440
24 27 4 439
24 27 5 434
24 27 6 428
24 28 1 493
24 28 2 444
24 28 3 441
24 28 4 436
24 28 5 435
24 28 6 429
24 29 1 498
24 29 2 492
24 29 3 442
24 29 4 437
24 29 5 431
24 29 6 430
24 30 1 502
24 30 2 497
24 30 3 491
24 30 4 438
24 30 5 432
24 30 6 425
25 1 1 446
25 1 2 159
25 1 3 153
25 1 4 146
25 1 5 457
25 1 6 452
25 2 1 447
25 2 2 163
25 2 3 158
25 2 4 152
25 2 5 151
25 2 6 453
25 3 1 448
25 3 2 165
25 3 3 162
25 3 4 157
25 3 5 156
25 3 6 150
25 4 1 149
25 4 2 166
25 4 3 164
25 4 4 161
25 4 5 160
25 4 6 155
25 5 1 449
25 5 2 148
25 5 3 460
25 5 4 458
25 5 5 455
25 5 6 454
25 6 1 450
25 6 2 154
25 6 3 147
25 6 4 459
25 6 5 456
25 6 6 451
26 1 1 451
26 1 2 450
26 1 3 154
26 1 4 147
26 1 5 459
26 1 6 456
26 2 1 452
26 2 2 446
26 2 3 159
26 2 4 153
26 2 5 146
26 2 6 457
26 3 1 453
26 3 2 447
26 3 3 163
26 3 4 158
26 3 5 152
26 3 6 151
26 4 1 150
26 4 2 448
26 4 3 165
26 4 4 162
26 4 5 157
26 4 6 156
26 5 1 155
26 5 2 149
26 5 3 166
26 5 4 164
26 5 5 161
26 5 6 160
26 6 1 454
26 6 2 449
26 6 3 148
26 6 4 460
26 6 5 458
26 6 6 455
27 1 1 455
27 1 2 454
27 1 3 449
27 1 4 148
27 1 5 460
27 1 6 458
27 2 1 456
27 2 2 451
27 2 3 450
27 2 4 154
27 2 5 147
27 2 6 459
27 3 1 457
27 3 2 452
27 3 3 446
27 3 4 159
27 3 5 153
27 3 6 146
27 4 1 151
27 4 2 453
27 4 3 447
27 4 4 163
27 4 5 158
27 4 6 152
27 5 1 156
27 5 2 150
27 5 3 448
27 5 4 165
27 5 5 162
27 5 6 157
27 6 1 160
27 6 2 155
27 6 3 149
27 6 4 166
27 6 5 164
27 6 6 161
28 1 1 161
28 1 2 160
28 1 3 155
28 1 4 149
28 1 5 166
28 1 6 164
28 2 1 458
28 2 2 455
28 2 3 454
28 2 4 449
28 2 5 148
28 2 6 460
28 3 1 459
28 3 2 456
28 3 3 451
28 3 4 450
28 3 5 154
28 3 6 147
28 4 1 146
28 4 2 457
28 4 3 452
28 4 4 446
28 4 5 159
28 4 6 153
28 5 1 152
28 5 2 151
28 5 3 453
28 5 4 447
28 5 5 163
28 5 6 158
28 6 1 157
28 6 2 156
28 6 3 150
28 6 4 448
28 6 5 165
28 6 6 162
29 1 1 162
29 1 2 157
29 1 3 156
29 1 4 150
29 1 5 448
29 1 6 165
29 2 1 164
29 2 2 161
29 2 3 160
29 2 4 155
29 2 5 149
29 2 6 166
29 3 1 460
29 3 2 458
29 3 3 455
29 3 4 454
29 3 5 449
29 3 6 148
29 4 1 147
29 4 2 459
29 4 3 456
29 4 4 451
29 4 5 450
29 4 6 154
29 5 1 153
29 5 2 146
29 5 3 457
29 5 4 452
29 5 5 446
29 5 6 159
29 6 1 158
29 6 2 152
29 6 3 151
29 6 4 453
29 6 5 447
29 6 6 163
30 1 1 163
30 1 2 158
30 1 3 152
30 1 4 151
30 1 5 453
30 1 6 447
30 2 1 165
30 2 2 162
30 2 3 157
30 2 4 156
30 2 5 150
30 2 6 448
30 3 1 166
30 3 2 164
30 3 3 161
30 3 4 160
30 3 5 155
30 3 6 149
30 4 1 148
30 4 2 460
30 4 3 458
30 4 4 455
30 4 5 454
30 4 6 449
30 5 1 154
30 5 2 147
30 5 3 459
30 5 4 456
30 5 5 451
30 5 6 450
30 6 1 159
30 6 2 153
30 6 3 146
30 6 4 457
30 6 5 452
30 6 6 446
25 7 1 461
25 7 2 258
25 7 3 252
25 7 4 245
25 7 5 472
25 7 6 467
25 8 1 462
25 8 2 262
25 8 3 257
25 8 4 251
25 8 5 250
25 8 6 468
25 9 1 463
25 9 2 264
25 9 3 261
25 9 4 256
25 9 5 255
25 9 6 249
25 10 1 248
25 10 2 265
25 10 3 263
25 10 4 260
25 10 5 259
25 10 6 254
25 11 1 464
25 11 2 247
25 11 3 475
25 11 4 473
25 11 5 470
25 11 6 469
25 12 1 465
25 12 2 253
25 12 3 246
25 12 4 474
25 12 5 471
25 12 6 466
26 7 1 466
26 7 2 465
26 7 3 253
26 7 4 246
26 7 5 474
26 7 6 471
26 8 1 467
26 8 2 461
26 8 3 258
26 8 4 252
26 8 5 245
26 8 6 472
26 9 1 468
26 9 2 462
26 9 3 262
26 9 4 257
26 9 5 251
26 9 6 250
26 10 1 249
26 10 2 463
26 10 3 264
26 10 4 261
26 10 5 256
26 10 6 255
26 11 1 254
26 11 2 248
26 11 3 265
26 11 4 263
26 11 5 260
26 11 6 259
26 12 1 469
26 12 2 464
26 12 3 247
26 12 4 475
26 12 5 473
26 12 6 470
27 7 1 470
27 7 2 469
27 7 3 464
27 7 4 247
27 7 5 475
27 7 6 473
27 8 1 471
27 8 2 466
27 8 3 465
27 8 4 253
27 8 5 246
27 8 6 474
27 9 1 472
27 9 2 467
27 9 3 461
27 9 4 258
27 9 5 252
27 9 6 245
27 10 1 250
27 10 2 468
27 10 3 462
27 10 4 262
27 10 5 257
27 10 6 251
27 11 1 255
27 11 2 249
27 11 3 463
27 11 4 264
27 11 5 261
27 11 6 256
27 12 1 259
27 12 2 254
27 12 3 248
27 12 4 265
27 12 5 263
27 12 6 260
28 7 1 260
28 7 2 259
28 7 3 254
28 7 4 248
28 7 5 265
28 7 6 263
28 8 1 473
28 8 2 470
28 8 3 469
28 8 4 464
28 8 5 247
28 8 6 475
28 9 1 474
28 9 2 471
28 9 3 466
28 9 4 465
28 9 5 253
28 9 6 246
28 10 1 245
28 10 2 472
28 10 3 467
28 10 4 461
28 10 5 258
28 10 6 252
28 11 1 251
28 11 2 250
28 11 3 468
28 11 4 462
28 11 5 262
28 11 6 257
28 12 1 256
28 12 2 255
28 12 3 249
28 12 4 463
28 12 5 264
28 12 6 261
29 7 1 261
29 7 2 256
29 7 3 255
29 7 4 249
29 7 5 463
29 7 6 264
29 8 1 263
29 8 2 260
29 8 3 259
29 8 4 254
29 8 5 248
29 8 6 265
29 9 1 475
29 9 2 473
29 9 3 470
29 9 4 469
29 9 5 464
29 9 6 247
29 10 1 246
29 10 2 474
29 10 3 471
29 10 4 466
29 10 5 465
29 10 6 253
29 11 1 252
29 11 2 245
29 11 3 472
29 11 4 467
29 11 5 461
29 11 6 258
29 12 1 257
29 12 2 251
29 12 3 250
29 12 4 468
29 12 5 462
29 12 6 262
30 7 1 262
30 7 2 257
30 7 3 251
30 7 4 250
30 7 5 468
30 7 6 462
30 8 1 264
30 8 2 261
30 8 3 256
30 8 4 255
30 8 5 249
30 8 6 463
30 9 1 265
30 9 2 263
30 9 3 260
30 9 4 259
30 9 5 254
30 9 6 248
30 10 1 247
30 10 2 475
30 10 3 473
30 10 4 470
30 10 5 469
30 10 6 464
30 11 1 253
30 11 2 246
30 11 3 474
30 11 4 471
30 11 5 466
30 11 6 465
30 12 1 258
30 12 2 252
30 12 3 245
30 12 4 472
30 12 5 467
30 12 6 461
25 13 1 476
25 13 2 351
25 13 3 345
25 13 4 338
25 13 5 487
25 13 6 482
25 14 1 477
25 14 2 355
25 14 3 350
25 14 4 344
25 14 5 343
25 14 6 483
25 15 1 478
25 15 2 357
25 15 3 354
25 15 4 349
25 15 5 348
25 15 6 342
25 16 1 341
25 16 2 358
25 16 3 356
25 16 4 353
25 16 5 352
25 16 6 347
25 17 1 479
25 17 2 340
25 17 3 490
25 17 4 488
25 17 5 485
25 17 6 484
25 18 1 480
25 18 2 346
25 18 3 339
25 18 4 489
25 18 5 486
25 18 6 481
26 13 1 481
26 13 2 480
26 13 3 346
26 13 4 339
26 13 5 489
26 13 6 486
26 14 1 482
26 14 2 476
26 14 3 351
26 14 4 345
26 14 5 338
26 14 6 487
26 15 1 483
26 15 2 477
26 15 3 355
26 15 4 350
26 15 5 344
26 15 6 343
26 16 1 342
26 16 2 478
26 16 3 357
26 16 4 354
26 16 5 349
26 16 6 348
26 17 1 347
26 17 2 341
26 17 3 358
26 17 4 356
26 17 5 353
26 17 6 352
26 18 1 484
26 18 2 479
26 18 3 340
26 18 4 490
26 18 5 488
26 18 6 485
27 13 1 485
27 13 2 484
27 13 3 479
27 13 4 340
27 13 5 490
27 13 6 488
27 14 1 486
27 14 2 481
27 14 3 480
27 14 4 346
27 14 5 339
27 14 6 489
27 15 1 487
27 15 2 482
27 15 3 476
27 15 4 351
27 15 5 345
27 15 6 338
27 16 1 343
27 16 2 483
27 16 3 477
27 16 4 355
27 16 5 350
27 16 6 344
27 17 1 348
27 17 2 342
27 17 3 478
27 17 4 357
27 17 5 354
27 17 6 349
27 18 1 352
27 18 2 347
27 18 3 341
27 18 4 358
27 18 5 356
27 18 6 353
28 13 1 353
28 13 2 352
28 13 3 347
28 13 4 341
28 13 5 358
28 13 6 356
28 14 1 488
28 14 2 485
28 14 3 484
28 14 4 479
28 14 5 340
28 14 6 490
28 15 1 489
28 15 2 486
28 15 3 481
28 15 4 480
28 15 5 346
28 15 6 339
28 16 1 338
28 16 2 487
28 16 3 482
28 16 4 476
28 16 5 351
28 16 6 345
28 17 1 344
28 17 2 343
28 17 3 483
28 17 4 477
28 17 5 355
28 17 6 350
28 18 1 349
28 18 2 348
28 18 3 342
28 18 4 478
28 18 5 357
28 18 6 354
29 13 1 354
29 13 2 349
29 13 3 348
29 13 4 342
29 13 5 478
29 13 6 357
29 14 1 356
29 14 2 353
29 14 3 352
29 14 4 347
29 14 5 341
29 14 6 358
29 15 1 490
29 15 2 488
29 15 3 485
29 15 4 484
29 15 5 479
29 15 6 340
29 16 1 339
29 16 2 489
29 16 3 486
29 16 4 481
29 16 5 480
29 16 6 346
29 17 1 345
29 17 2 338
29 17 3 487
29 17 4 482
29 17 5 476
29 17 6 351
29 18 1 350
29 18 2 344
29 18 3 343
29 18 4 483
29 18 5 477
29 18 6 355
30 13 1 355
30 13 2 350
30 13 3 344
30 13 4 343
30 13 5 483
30 13 6 477
30 14 1 357
30 14 2 354
30 14 3 349
30 14 4 348
30 14 5 342
30 14 6 478
30 15 1 358
30 15 2 356
30 15 3 353
30 15 4 352
30 15 5 347
30 15 6 341
30 16 1 340
30 16 2 490
30 16 3 488
30 16 4 485
30 16 5 484
30 16 6 479
30 17 1 346
30 17 2 339
30 17 3 489
30 17 4 486
30 17 5 481
30 17 6 480
30 18 1 351
30 18 2 345
30 18 3 338
30 18 4 487
30 18 5 482
30 18 6 476
25 19 1 491
25 19 2 438
25 19 3 432
25 19 4 425
25 19 5 502
25 19 6 497
25 20 1 492
25 20 2 442
25 20 3 437
25 20 4 431
25 20 5 430
25 20 6 498
25 21 1 493
25 21 2 444
25 21 3 441
25 21 4 436
25 21 5 435
25 21 6 429
25 22 1 428
25 22 2 445
25 22 3 443
25 22 4 440
25 22 5 439
25 22 6 434
25 23 1 494
25 23 2 427
25 23 3 505
25 23 4 503
25 23 5 500
25 23 6 499
25 24 1 495
25 24 2 433
25 24 3 426
25 24 4 504
25 24 5 501
25 24 6 496
26 19 1 496
26 19 2 495
26 19 3 433
26 19 4 426
26 19 5 504
26 19 6 501
26 20 1 497
26 20 2 491
26 20 3 438
26 20 4 432
26 20 5 425
26 20 6 502
26 21 1 498
26 21 2 492
26 21 3 442
26 21 4 437
26 21 5 431
26 21 6 430
26 22 1 429
26 22 2 493
26 22 3 444
26 22 4 441
26 22 5 436
26 22 6 435
26 23 1 434
26 23 2 428
26 23 3 445
26 23 4 443
26 23 5 440
26 23 6 439
26 24 1 499
26 24 2 494
26 24 3 427
26 24 4 505
26 24 5 503
26 24 6 500
27 19 1 500
27 19 2 499
27 19 3 494
27 19 4 427
27 19 5 505
27 19 6 503
27 20 1 501
27 20 2 496
27 20 3 495
27 20 4 433
27 20 5 426
27 20 6 504
27 21 1 502
27 21 2 497
27 21 3 491
27 21 4 438
27 21 5 432
27 21 6 425
27 22 1 430
27 22 2 498
27 22 3 492
27 22 4 442
27 22 5 437
27 22 6 431
27 23 1 435
27 23 2 429
27 23 3 493
27 23 4 444
27 23 5 441
27 23 6 436
27 24 1 439
27 24 2 434
27 24 3 428
27 24 4 445
27 24 5 443
27 24 6 440
28 19 1 440
28 19 2 439
28 19 3 434
28 19 4 428
28 19 5 445
28 19 6 443
28 20 1 503
28 20 2 500
28 20 3 499
28 20 4 494
28 20 5 427
28 20 6 505
28 21 1 504
28 21 2 501
28 21 3 496
28 21 4 495
28 21 5 433
28 21 6 426
28 22 1 425
28 22 2 502
28 22 3 497
28 22 4 491
28 22 5 438
28 22 6 432
28 23 1 431
28 23 2 430
28 23 3 498
28 23 4 492
28 23 5 442
28 23 6 437
28 24 1 436
28 24 2 435
28 24 3 429
28 24 4 493
28 24 5 444
28 24 6 441
29 19 1 441
29 19 2 436
29 19 3 435
29 19 4 429
29 19 5 493
29 19 6 444
29 20 1 443
29 20 2 440
29 20 3 439
29 20 4 434
29 20 5 428
29 20 6 445
29 21 1 505
29 21 2 503
29 21 3 500
29 21 4 499
29 21 5 494
29 21 6 427
29 22 1 426
29 22 2 504
29 22 3 501
29 22 4 496
29 22 5 495
29 22 6 433
29 23 1 432
29 23 2 425
29 23 3 502
29 23 4 497
29 23 5 491
29 23 6 438
29 24 1 437
29 24 2 431
29 24 3 430
29 24 4 498
29 24 5 492
29 24 6 442
30 19 1 442
30 19 2 437
30 19 3 431
30 19 4 430
30 19 5 498
30 19 6 492
30 20 1 444
30 20 2 441
30 20 3 436
30 20 4 435
30 20 5 429
30 20 6 493
30 21 1 445
30 21 2 443
30 21 3 440
30 21 4 439
30 21 5 434
30 21 6 428
30 22 1 427
30 22 2 505
30 22 3 503
30 22 4 500
30 22 5 499
30 22 6 494
30 23 1 433
30 23 2 426
30 23 3 504
30 23 4 501
30 23 5 496
30 23 6 495
30 24 1 438
30 24 2 432
30 24 3 425
30 24 4 502
30 24 5 497
30 24 6 491
25 25 1 506
25 25 2 519
25 25 3 513
25 25 4 506
25 25 5 519
25 25 6 513
25 26 1 507
25 26 2 523
25 26 3 518
25 26 4 512
25 26 5 511
25 26 6 514
25 27 1 508
25 27 2 525
25 27 3 522
25 27 4 517
25 27 5 516
25 27 6 510
25 28 1 509
25 28 2 526
25 28 3 524
25 28 4 521
25 28 5 520
25 28 6 515
25 29 1 510
25 29 2 508
25 29 3 525
25 29 4 522
25 29 5 517
25 29 6 516
25 30 1 511
25 30 2 514
25 30 3 507
25 30 4 523
25 30 5 518
25 30 6 512
26 25 1 512
26 25 2 511
26 25 3 514
26 25 4 507
26 25 5 523
26 25 6 518
26 26 1 513
26 26 2 506
26 26 3 519
26 26 4 513
26 26 5 506
26 26 6 519
26 27 1 514
26 27 2 507
26 27 3 523
26 27 4 518
26 27 5 512
26 27 6 511
26 28 1 510
26 28 2 508
26 28 3 525
26 28 4 522
26 28 5 517
26 28 6 516
26 29 1 515
26 29 2 509
26 29 3 526
26 29 4 524
26 29 5 521
26 29 6 520
26 30 1 516
26 30 2 510
26 30 3 508
26 30 4 525
26 30 5 522
26 30 6 517
27 25 1 517
27 25 2 516
27 25 3 510
27 25 4 508
27 25 5 525
27 25 6 522
27 26 1 518
27 26 2 512
27 26 3 511
27 26 4 514
27 26 5 507
27 26 6 523
27 27 1 519
27 27 2 513
27 27 3 506
27 27 4 519
27 27 5 513
27 27 6 506
27 28 1 511
27 28 2 514
27 28 3 507
27 28 4 523
27 28 5 518
27 28 6 512
27 29 1 516
27 29 2 510
27 29 3 508
27 29 4 525
27 29 5 522
27 29 6 517
27 30 1 520
27 30 2 515
27 30 3 509
27 30 4 526
27 30 5 524
27 30 6 521
28 25 1 521
28 25 2 520
28 25 3 515
28 25 4 509
28 25 5 526
28 25 6 524
28 26 1 522
28 26 2 517
28 26 3 516
28 26 4 510
28 26 5 508
28 26 6 525
28 27 1 523
28 27 2 518
28 27 3 512
28 27 4 511
28 27 5 514
28 27 6 507
28 28 1 506
28 28 2 519
28 28 3 513
28 28 4 506
28 28 5 519
28 28 6 513
28 29 1 512
28 29 2 511
28 29 3 514
28 29 4 507
28 29 5 523
28 29 6 518
28 30 1 517
28 30 2 516
28 30 3 510
28 30 4 508
28 30 5 525
28 30 6 522
29 25 1 522
29 25 2 517
29 25 3 516
29 25 4 510
29 25 5 508
29 25 6 525
29 26 1 524
29 26 2 521
29 26 3 520
29 26 4 515
29 26 5 509
29 26 6 526
29 27 1 525
29 27 2 522
29 27 3 517
29 27 4 516
29 27 5 510
29 27 6 508
29 28 1 507
29 28 2 523
29 28 3 518
29 28 4 512
29 28 5 511
29 28 6 514
29 29 1 513
29 29 2 506
29 29 3 519
29 29 4 513
29 29 5 506
29 29 6 519
29 30 1 518
29 30 2 512
29 30 3 511
29 30 4 514
29 30 5 507
29 30 6 523
30 25 1 523
30 25 2 518
30 25 3 512
30 25 4 511
30 25 5 514
30 25 6 507
30 26 1 525
30 26 2 522
30 26 3 517
30 26 4 516
30 26 5 510
30 26 6 508
30 27 1 526
30 27 2 524
30 27 3 521
30 27 4 520
30 27 5 515
30 27 6 509
30 28 1 508
30 28 2 525
30 28 3 522
30 28 4 517
30 28 5 516
30 28 6 510
30 29 1 514
30 29 2 507
30 29 3 523
30 29 4 518
30 29 5 512
30 29 6 511
30 30 1 519
30 30 2 513
30 30 3 506
30 30 4 519
30 30 5 513
30 30 6 506
#END